"X1","X2","X3","X4","X5","X6","X7","X8","X9","X10","X11","X12","X13","X14","X15","X16","X17","X18","X19","X20","X21","X22","X23","X24","X25","X26","X27","X28","X29","X30","X31","X32","X33","X34","X35","X36","X37","X38","X39","X40","X41","X42","X43","X44","X45","X46","X47","X48","X49","X50","X51","X52","X53","X54","X55","X56","X57","X58","X59","X60","X61","X62","X63","X64","X65","X66","X67","X68","X69","X70","X71","X72","X73","X74","X75","X76","X77","X78","X79","X80","X81","X82","X83","X84","X85","X86","X87","X88","X89","X90","X91","X92","X93","X94","X95","X96","X97","X98","X99","X100","X101"
-2.97217987959779,0.585528817843856,0.223925407521288,-1.43614570622707,0.522282168524833,0.627965113126225,-1.42032385849081,-1.63662909731958,2.30362700541773,-0.81749211459327,-0.784860978170766,1.67751179128875,1.1480913566555,-0.267881707867739,-1.65989369148494,-0.76455739416731,-0.174622555835959,0.747993014653646,-0.0294836190264545,1.18721018660245,0.546815744950514,-0.607841111552146,0.721530935135869,-0.329079735747822,0.0638690756625162,-0.182648619229022,-0.911968480177307,0.71753201262682,1.05076285413564,0.891131450390672,-1.19637101782143,0.509892115828519,-0.283307585697964,-0.110967511118393,-0.19957611455672,-0.481980038324698,-0.225349607984928,-0.326479076667299,-1.68828506276463,-0.315386401062297,0.307557142594247,-1.04269095209994,-1.23464077818174,0.491869046270027,0.740952301363098,-0.869485309507819,0.460454427731783,-1.56784045012939,-0.310367664897247,-1.43893782283125,1.57953188132834,-0.692472244437349,0.370463509249492,0.914024824528069,0.0410908872517459,1.00668956111887,-0.768919166937225,0.465706508182934,-0.728222994753344,0.512526499805074,0.0607456655782415,-0.34878037906766,-0.203266952685036,0.436849636877896,1.31914262366126,-1.80066707777508,-0.390538350045177,-0.281479315654215,1.01934151468024,-0.332736060372101,0.447868359780785,-0.679037424830507,0.874548922192083,-0.535171631215864,0.436683931689081,-0.668725386058251,-2.1029585849613,-0.707985103464189,0.136701942234598,0.647663564856929,-0.470826035157421,-1.48699094728763,-0.573705573369747,1.80820387044892,-0.501174004670469,-1.03753786747402,1.84258723282751,-0.794993401245828,-0.185943639425495,-0.178890775724746,0.15644200444567,-0.819630088633666,-0.269725865640632,-0.907936164520129,-1.26945212971058,-1.07121011751476,0.889623587024841,-0.51657554935721,-0.689533417920352,-0.936083928203376,1.31031750668122
-4.84816341558601,0.709466017509524,-1.15622333024077,-0.629259647262801,0.00979375993233719,0.00214395093177762,-2.46693864686098,0.211562593231861,2.0208958968894,-0.2492658716843,-2.56005244041801,0.079474054662459,0.455013729328529,0.937288013068247,-0.276360236475334,0.979195951073251,-0.67061665808359,1.30712856942213,1.30841030134337,-0.356714023222837,0.491321166594977,1.0762231379778,1.04727700234223,-0.229793206664284,0.0801508291490922,-1.39196798306064,0.603775477417215,-0.0143053790194125,-0.071797326892746,0.912321506411722,0.198801684382543,-0.715364266890828,-1.73637502938424,0.203138987353078,0.701395415800021,1.6689436802761,-0.526519894390191,0.135361094827482,-1.07561956103573,-0.211146332242175,1.2673491230208,-0.183948398620008,0.633130492619491,-0.0504194688988673,0.708371650753813,-0.0542841301891777,-2.28893567730552,0.741019676985165,-1.33815707179188,0.506149067551933,0.0491383850092352,1.12469559755599,-0.27415975061259,-0.320240181850276,-0.738665298043672,0.232844396191699,0.300586698963684,-0.00807094823424954,1.79047858780606,-2.7850113236239,0.217192091602775,-1.02570070279424,-1.2597767317503,2.24049749144714,0.0767978066245892,-0.221772247772457,-1.08516871521281,-0.537870923393961,0.0181906153086761,-0.215601058572008,0.655006806588485,-0.572389358492665,-0.957268623934412,0.116879530509089,-0.615154328523638,1.01236105691287,0.817315174570052,1.60499168299097,0.453304583193762,0.272886758958569,0.506374243862745,-2.20515186343618,0.504027801619176,0.575665024915957,1.54231064078502,0.911021336827859,2.72289635550301,-0.446942201836772,0.912389596876795,0.109145875747758,2.0540081549834,1.37584259390591,1.10213819178776,2.06683580194948,-0.878839768651906,-0.948664007337669,0.0275548473932917,-0.236181140114336,0.740376927510443,1.73720833612443,-1.66726333859843
1.485281477018,-0.109303314681054,0.422418527786999,0.24352176562534,-0.440526196202908,0.284377722710805,0.484715835481135,-0.464831728442492,-0.0578785187398237,0.462998647868042,0.0728007835118976,-0.856427496616939,2.02194638426709,0.03402357854294,-0.828433721841923,1.17383261804459,0.50742575021907,-0.587829568811341,1.97790329440036,1.21223846954799,0.0548609746446381,-0.576425790799455,0.631697908896751,0.00767687340737969,-0.0368877121332972,0.708247812020126,0.213847006364027,-0.146501708236456,0.116736620846667,-0.0713136864643141,-0.214207434152971,-0.405521535746077,0.678135065443223,-0.675713850763581,0.847724421727824,0.0199129999468257,-0.642458993923555,0.959615329486244,-0.396138666830595,0.401943359890474,1.44240665885503,0.179266746160588,1.0203876060071,1.24220505549163,-1.90204040835318,-0.502304456120839,1.20100439074879,-1.19835842364255,-0.713629314013792,-1.2748504186627,0.844610365664978,0.174535138700626,0.122986065012289,-0.44057792703695,0.414906130543697,1.56310495660373,0.0450964981912487,1.80012569852589,0.434164446126223,0.806713755709789,0.294356350934885,-0.907426272151428,1.27920116597755,-0.724544367542286,1.04699240991523,0.333437594183192,1.13455288519972,0.475799926127821,0.437950525514897,0.586790378132542,0.77980727262387,0.823248595866038,0.813341527737813,1.10728825525139,-1.2128312316483,0.188846706098936,0.990103880745134,1.76196363816474,0.0581252029634864,-1.56748906041266,1.27793309490211,1.40595517240119,-1.92640731578683,0.442768256944902,0.337601992760367,0.388737104642674,0.0380014269156247,-0.0963053154572122,-0.695868189553392,0.857167533436157,0.786572277622507,-0.298861551017416,0.852629133905595,0.0425318247779539,-0.651420737461797,-1.01849078772359,0.505194236768773,1.11599720735447,-0.739365042016312,0.594534157803384,-0.640937116733902
-2.35387268579064,-0.453497173462763,-1.32475525584893,1.05836223334598,1.1994895345014,-1.00177908621909,-0.937972310764238,-0.662357211956171,0.442093375564448,0.667326385055964,0.750243576066411,-0.778777287144353,-0.6952703709813,0.243158863777442,-0.686070901928494,1.3746664154182,1.24743430271033,-1.13357907426432,-2.31286660100226,-0.693952721340296,0.959684792526404,1.09862636353976,-0.462835608915607,-0.258654597457317,0.137060055240212,0.188965823579383,-1.38067446076287,-0.0629529721484306,0.977866508220299,1.13969595021845,0.115480873617802,-0.0125211871068177,1.06200524096139,1.07412014724943,0.228855520255045,-0.228148322842777,1.71672604840683,1.34319700473393,0.00690483100035026,0.0609651728767202,0.602350914134511,-0.668646764994632,-0.330641667536097,-0.0116490961979576,-1.07621467761098,0.22550386783888,-0.54228252426252,-1.52130267707774,0.742712566513947,0.63996292479515,1.19023413679989,-1.96780671462939,0.805110304327602,0.367367835229761,-0.0804609833488594,-0.664747628486965,1.62533230985005,0.668469043158795,-0.446065640930725,0.160418583854378,-1.10899985771028,0.774606656625981,-0.254098240310662,-0.857613980468654,-1.18647452747898,-0.627597536723464,0.0359880716133684,0.970512436232945,0.104313199342964,0.64274767977216,1.20332981928323,0.305888080893066,-1.92862874175998,0.818074943982878,1.29823071845735,-1.87159696797284,-0.508916223111015,0.419697887537165,0.978125229212905,2.04670408612927,-0.681065802634537,-2.33772651217076,-1.07560094485797,-1.12194843349065,-0.474740695517459,1.11518363510249,0.514870831843357,0.00538526220037306,-0.614129101323096,-0.610898552727954,-0.434177634977447,0.20547019258547,-0.254217383656549,-0.947521308603575,-0.45417958465994,-1.19172447950897,-2.21804970151021,0.299637568250693,0.417824999963391,-1.74917512574629,-1.4485296895707
6.89991243257185,0.605887455840394,0.141084312860285,0.831348817915028,-0.117468489316423,-0.61722192863403,3.33073330557046,-0.132953597145603,-1.30333114011791,0.488169885316856,-0.128248880882147,-0.38093608425708,1.60396534062607,1.14368852438981,-0.271607769493159,1.2027383496724,-1.24827554221187,-0.781604567007212,0.12994803764241,1.35606159063857,0.175586269605124,1.4073416884128,-0.498643040977859,0.656339682105887,1.60949041518306,-0.217366875576962,-0.799479243675173,-0.352497342547369,-1.03154201114503,-0.511801669682349,1.48095284220874,1.10088103759019,0.149966903516413,0.967350283459664,-0.167842645244595,0.241290901702441,1.32345424710561,0.81429596669689,0.129844941718834,-0.0861313902215415,0.491125246767049,-1.00438650086313,0.375147272934477,-1.50609463853413,0.107065870717942,0.974146757739731,0.748305509000837,1.51130670718073,0.595532451029669,0.456436396695628,2.42466529552348,-1.64427171677385,-0.254948364306737,-0.563389867233535,-1.84773109700339,0.145282799947693,0.367008754216407,1.05255663537927,1.47154229857092,-0.846353497176375,-1.2334170771741,-0.949897924446895,1.48382055047628,-1.56746856704054,1.09470042865005,0.105336188668347,1.78352353455946,-0.044853672367307,-1.57068570195677,0.830662653126573,-0.695162087546184,-0.527773556653956,0.131993144178875,-0.56052929963095,-0.23275837758691,-0.930110870985553,0.265453439374786,-1.0302986062896,-0.00676013045644982,0.36179265894294,0.0617459576269801,0.631479897743355,-2.16711556593393,0.25462715255416,0.2238289238786,0.683567143956444,0.816575406616448,0.344899700028454,-0.38744794751571,1.20799853374801,0.0425279425712504,1.0029925228575,-0.706937698297511,0.238794181065845,0.880877337985984,-2.46752594171017,-0.124812400455376,-0.163559986050811,-0.00496489931703978,0.0412251647253693,-0.398791494763752
-11.5621538144222,-1.81795596770373,-0.536047998490946,0.105211815952333,0.0382097873805771,0.828194239462874,-0.162945463318991,-1.32170170951125,-0.0352204282538767,1.0764874344274,-0.487866725172139,-1.89735833972576,1.35170733572983,0.827405931838682,1.24381055686463,0.0269493670172347,-1.934718658188,1.08319834872711,-2.50608663050923,0.905731335785151,1.19085424645337,0.0366561519655857,1.82481738623345,0.0864034955305894,-0.938681250451555,0.0716346264614951,0.517075947972194,-0.0279249014340083,2.19912932531649,-1.03759339846523,-1.77944391176557,0.95737578909118,2.19440990458696,0.770086843039011,-0.630580525781408,0.332706523612355,0.102048617528388,0.531164212133266,1.68463029634185,-0.417133978350597,1.67257758387579,0.136780947200864,0.347017064310013,-0.930928165975301,-0.785116991614143,-0.970138330506105,0.674028536563452,-1.72917358097204,-0.85377727190746,-0.761173713851307,-0.113934123900219,-0.109784747031928,1.43772204625551,0.785812517607802,-0.81705314256505,-1.2861372867107,-1.67223816322582,-0.134215619579523,0.0548437673076307,1.79438734240033,1.86121958654976,-1.2430700749045,-0.620288957190579,-0.256795001574905,1.19033570882612,1.7753919059255,-2.31575092800246,1.41568400084367,1.34736142946049,-0.493881883690737,-0.024230406478437,0.000212466128399189,-0.125490065351904,-0.918420112689689,0.334556394594998,0.267683622284392,-0.920045735649185,0.179473671926619,0.959281058080337,-2.05576375555752,1.82370928655012,-1.93433283910982,-1.30830413155598,1.18154958498279,0.806597462311526,0.639410568538208,1.33440965896595,1.1473320788801,-1.37013364617277,-0.593821599224103,-0.777553117281521,-1.25782590658222,1.77875150747523,1.24658336889931,0.709404238514682,1.03518909686553,-0.835481682426842,0.374520243116145,-0.616279010490042,1.12590720202107,-0.784392497674116
-7.0654727013526,0.630098551068391,-0.311606084578147,-1.74171309445735,1.19480563237129,-0.084818645674312,0.220455784800858,0.0766927813432196,0.924254316128533,1.14929578678711,0.90878779144248,-0.0717709116878157,0.439514597571448,0.348058187541831,-0.17202142205891,0.711260302486253,-0.763862515785294,0.459888811386083,-0.671374718053876,-0.941588752255799,-1.42787579329592,1.9239186287906,0.584455563897512,0.814554847894138,-0.0697493657664189,0.134233555794281,0.035974204920652,1.26826053610022,-1.44841132676412,1.2583105729071,-1.32011470463374,-0.550847682392798,1.20134814020108,-0.43017949450194,0.184508168378111,0.704770257981539,-2.04522831163059,0.378268902213278,-0.486078063748377,0.504768500889394,-0.75941254282135,0.833604508728087,-2.20749462143065,-1.08051301846448,0.87414715980822,1.39844592754403,-0.810734378230553,0.43524745887279,0.408193377880819,-1.11758290581966,-0.176487219974156,-0.636719363603684,-0.00811076725271257,-0.939025001651342,1.01060787920843,-0.229985575645206,0.522214817051913,1.79188922388919,-0.329649427148083,1.741988438307,0.693616960289179,0.391552444574322,0.721030246395666,-0.461386705350124,-1.34277595341778,-0.917022554478657,0.937723635731132,-1.01348327158248,1.96791307953847,-1.24923344257656,0.115134577109305,-0.0782511399822608,0.137775552440638,-0.470106973381485,-1.05131783233365,-2.16087996283313,-0.130463066834709,0.967379044998239,1.65340502385105,0.0442839390278298,-0.502486688670616,-0.596012300793732,-0.923373394534633,1.11812533772872,0.432381339692225,-0.53510995052274,0.229674997470107,-0.791726573665893,0.642108724101199,-0.554840271564718,0.554895381991158,-1.35418640470099,-0.112864295233999,-0.465661924585507,-1.76195236067803,0.489621443503647,-1.36646975685006,-0.0297155085929161,2.07462591678955,0.13523679601401,-0.369249451900329
9.09377058023063,-0.276184105225216,1.55610964260126,0.645246993765226,0.343958352102906,-0.434719916936125,0.876210811679334,-0.384990879381948,-0.360828333045202,-1.62212327687907,-1.85246414834352,-1.03086459149003,1.57162170153059,-0.381202844028649,-2.5464745985204,-0.0914523764692441,1.42708874091173,-0.489862326150678,-0.244750179659405,-0.638584393153946,-2.960838742055,-1.25501875529392,0.159693209259668,0.544850476651681,0.000955443396401516,0.153327892282654,-0.379209112692754,-0.222626585598252,0.455255794615384,-0.0831826946421629,1.78462847567181,-0.461619377624958,1.21928435332364,0.759558016068964,0.602398912842821,0.205891823236517,0.104667169439742,-0.123516159174234,1.22775163675384,-0.290247088005127,-1.34567767675574,-0.951934167784519,1.1879250052268,-1.08441147363112,0.716791827034314,-1.84128836240823,1.57443298919346,0.0569586537750773,0.603300485718376,1.17368774135963,-0.0296788797168224,-0.680279809401172,-0.681014223048936,0.612536151575366,0.114376467295508,1.66995288588388,0.244763556318782,0.250475016621217,2.29382077254613,-0.632751291055709,-0.0711543512695753,-0.736440028226906,-0.113683948945891,0.33314470973411,0.522695299694415,1.59603718410364,-0.674084505471555,-0.75060298308824,-2.67860820080522,1.20426559164857,2.06376249548039,-0.282173606328065,-0.168206374037262,-0.201727095241344,-0.684966255080702,-2.37405680289812,-0.10288576902632,-0.382509131727654,-0.861638951377705,-1.40159576216439,1.1148996175472,-2.26832733041541,0.342453322651371,-0.345732168238203,1.32412704396693,0.43810638369776,-0.430713270750493,2.00625986195132,1.7699917362948,0.345834116425965,1.46391370167556,2.3841137352261,2.0312226488556,0.0788207884137978,-1.84210339700872,-0.107306609908684,-0.418695859886065,1.27150479726502,-1.2496750704189,0.591580364106475,0.649736570834457
-3.39972843413875,-0.284159743943371,-0.44803329129447,0.0971042246760799,-0.329072974464988,-1.20483528910071,-2.14896295191532,0.947306444502156,0.467172680816427,1.12628292799943,-0.310147905861033,0.670695476490605,-1.74125323682522,1.36128143680364,1.64062749976048,-0.116861627901896,-0.263336917809388,0.0755061779097776,-0.816734827458565,0.483487551708313,-0.337466603562243,-1.19706410656688,-0.535832490608937,1.26776767371202,-0.659232594178714,-0.919176945068463,-0.574956860509058,1.73593914517608,1.09474251337291,-0.0339284713763022,-0.667800691390652,0.451086495900639,-2.34212671239246,1.22063242406496,0.830860839447227,1.57425528758187,0.541278531978641,2.23138674353808,-1.85451711219045,0.378711008020729,-0.586566478534488,1.23037122363484,0.191529643754991,-0.808746605821688,0.270923270555039,0.969707448101696,-0.380864681709329,-0.109748049670098,-0.082339064520754,0.530515435973385,0.264435287117841,0.362165675002313,0.346386656468408,-1.74082744436049,0.968699957161438,1.15838296591045,0.326211045128015,0.494212074688581,-1.06353886185941,-1.71872706424816,0.578309584113068,1.0709571715366,-1.31077598749684,-1.30116404053692,0.450581228180693,0.377969851617566,-1.18860713863665,-0.442403331489591,-0.621583537534256,-0.0641542083498392,0.150698710831975,0.767119908221421,1.09604447007792,-0.920213230595997,-1.07865653330395,-2.08299356669122,-0.416165762494071,0.0578986517207097,0.604364401091531,-0.333494506552266,-0.941651405273505,1.19813262756549,0.612492214679715,0.497741399142121,-1.18510294349737,0.304445255434602,-0.60137173390895,-0.531101179385635,-1.55498251176823,-0.449263728738023,0.985941284617028,0.535340653259648,-0.3425697654884,1.36299859733587,0.234502076617735,0.574902431947161,1.56509934840366,1.14263250632333,0.119619875115681,0.635163863058292,1.26758106831479
-3.19444972721217,-0.919322002474128,0.321123537493968,-0.0767336945381774,1.670857916859,-1.02068687992011,-0.233751352763909,0.0216862719447878,-0.201236860589418,0.590427528747386,-0.31386492393298,-0.361287754939292,-1.48401480103155,-0.885541754975946,0.97023676068447,-1.12578893420124,0.586125356437918,1.92221888075885,0.491471631190049,0.758747936935796,1.95476530843016,-1.49464423164416,0.491414184704998,-0.650150061398748,-1.61214520211075,-0.429302279648397,0.740926095977368,-0.345996669884663,-0.615906316150589,1.73417231689702,-0.874720995669088,-1.20021629561451,-0.28217968710066,0.467097890270179,0.647186296763495,0.812103497522831,-0.525286545234473,0.285162236653599,2.42876569439046,0.220417183212802,0.721352705167093,0.566149744039523,0.675146584850571,-0.806129696260841,0.50718237063333,0.903263638616679,-1.73270705586724,0.809812295477768,-0.244552301478904,-0.865025914225102,-0.665964112092978,0.954589197472569,-1.56131122507161,0.0868236362679784,-1.00434974168677,0.480174307990342,-0.102639427843941,0.0535082175204439,0.365792414057248,-0.575679714314035,0.910418241672629,0.0734100002710054,-0.24064906839223,1.07601654936055,0.404491254353353,-0.738073985602036,1.39641470597917,2.3553561200039,1.16769935073588,2.20371033439727,-0.652229841524123,0.749399175675714,-0.574187956123367,0.595542270908115,0.334789079975389,-0.142784767825985,0.318707173551554,0.518697634571622,2.68387517289519,-0.197571875208586,-0.421931795602355,-0.650624179180171,-0.398725637399286,-0.406333398925395,0.00145369583077877,0.000113329505456612,-1.70105052869584,0.618625802307987,1.39030046172486,0.289349635746242,1.18923801708649,-0.769072784741063,-0.34108527163174,0.439857587727158,-0.448546216810364,-0.581385105105256,-1.25437593963511,1.24429661229699,0.495423859296758,-0.746553047491194,1.41359532196439
-0.53330771989664,-0.116247806352002,-1.23017224688019,0.991950677701748,-0.918058202818816,-0.971229202960724,-1.99849284588448,-0.458294007771828,-0.00534734318180988,-0.740584969069891,0.0235512251366552,-0.27930635616867,-0.555232551612177,0.388984013950165,0.0203074667109345,1.13987143510928,1.02132214090712,0.127680156266799,-0.112294397550244,0.426489352834208,0.837603199028148,0.712897815726032,-1.66444187021867,1.12938859584775,-0.247776282542158,1.54554313061038,-1.12817088637683,-0.376884305170433,-0.188314525868149,-0.835384702689252,0.273902158030841,0.358842455110506,0.351956055351531,-0.780227464790045,1.60375456074282,2.23138547340748,0.188035475492025,-1.05178693849739,0.264023323350431,-0.246356219757089,-0.171686631216998,-0.343402111994137,0.980003673162705,-0.238921820061348,-0.601706357773627,0.783460514026914,-1.22156490737638,1.62256656477071,-0.137796427119816,2.69676403328553,-1.10927517833072,-0.0200405714442099,1.72940381735752,-0.391122084909473,-0.031904972056093,-0.0600983650305741,0.171354940005773,1.30903912179486,0.324240856279881,0.724931112959899,0.980455226595997,0.964760568461872,-1.33442620284133,0.504600984153016,0.0978189930911725,-1.401842243484,-1.19971341887724,-0.498901284677316,-1.86006020894529,-0.135558576984205,-0.213948869293051,-0.541642330340751,0.525765099646792,-1.44552738779243,0.68452428895786,0.56943262526466,1.66311930020046,1.46582783721425,-1.09221899357877,-0.867342760887694,-0.788141909984323,-1.26855961597108,-1.07369341807313,0.27688983013248,1.00260394981705,-1.23883612085956,1.70334747577772,1.25262566481797,-0.794395341798941,0.513664085433321,0.0339737392325661,1.34813193300076,-0.809692905758098,0.215363585796506,-0.127033318485438,-0.199418857281681,0.901434821659525,0.0557149639198505,0.655457610187142,-0.632954493348987,0.897597391010776
-2.18685214136843,1.81731204370422,-1.32405869215415,-0.859250761249102,-0.0878073286373145,-0.160913362176837,-1.23478039956797,0.228862144696937,-0.533003287024944,0.252453917840292,1.18345966271718,-0.645890406995311,-1.35860493078214,0.411905090024538,-2.6513977459491,-0.459491237689712,1.74773162170613,1.1239222147777,0.226429332166581,0.361050796373508,-0.65728298291829,-0.548898564429376,-1.10935264097396,-1.11177815300133,-0.259480044894114,0.874231632695673,-0.775467093206067,1.42782343559376,0.594557759575452,0.260585308855435,1.09381865256075,-1.07608406318558,0.0627383488162791,2.16546930020775,-0.90000865336232,-0.260655886448225,-0.915701843879364,-0.673130939663503,1.88827949277404,-0.360389281663723,0.428451445383418,-0.431638339374506,1.34357908266281,-0.547088502939696,-0.146537001977351,-0.795415658741961,0.0711157829649489,-0.371111731432223,0.64391851214554,0.656176107029823,0.921959862615665,0.357441787137855,-0.953565962015124,-0.954135591768205,-0.183490557688168,-0.533657908636441,1.54141146557638,-1.3792327258365,-1.07373500248352,-0.520944139125902,-0.0343154225497546,0.261434704269643,2.09280187139739,-0.291598513467086,0.73489560935837,-2.80810423688477,-0.141258615325857,1.17336561473436,-0.20170652063373,-0.556868274282155,-0.176726800224698,-1.40333220724263,-0.908338075275208,2.61788266647152,-0.667022391220354,0.234935960991068,1.99034604206699,-1.01910966474565,-0.331838430427457,0.445408041491138,1.76280323798389,1.76414372777848,-0.0829644236717374,-0.802476542125759,-0.201187236006707,2.22539153885668,0.66059918846712,-0.269241920278602,-0.604865982111717,-0.436606311234587,-0.142890185024103,0.783645921170022,1.35047843381056,-0.432735904367215,1.14948830378903,-0.302460268683171,1.43819239210234,2.19526545832201,0.617151903826347,-0.288296593554364,-0.318118653617439
6.14146250774576,0.370627864257954,1.2612422743883,-0.281579688324405,1.32029371983474,1.20468703481302,0.846303717678606,-1.39640762849177,-0.515415141225213,-0.336997738910697,-0.552833248007118,-0.515729092880925,-0.0826571244573201,0.709913471286387,1.11781171220216,-0.920665190845484,1.02140376593611,1.22665880827998,-0.59350335806727,0.505106569574291,0.973591186208813,0.0244372531036974,-0.12981543763322,-0.852194906755242,0.904138670788281,0.109296141825621,0.00907467644181048,-1.44818153403938,0.144910258203801,-0.708143095266895,-0.135888833958389,-0.163271206411449,-0.679357127499508,-0.488755147502211,0.330382954931574,1.67525233284709,-1.1482837217695,1.71014035133822,0.763180843894164,0.141117666550332,1.05138229659486,-0.225829324926135,-0.59896932287576,0.575819594216368,-0.0724738548832245,0.0608217437873123,0.901880954792115,-1.16580252972494,0.108110133585768,-0.294775599934472,-1.19638568764479,-0.858863753198742,-0.58582681059465,-0.135119818530365,0.966059147979976,1.02700004391739,-0.577548278725168,-1.49939166121946,-1.35563210371126,-1.00865907059603,2.75808452972356,-0.209380897693851,0.817687089591593,1.097435263997,0.86306305425533,-0.505852830612682,-0.951780073909005,-0.0148792624449296,-0.555052973019541,-0.665141796466728,0.0900815662180267,-1.77645471497375,-0.322874329015204,0.260213895835896,-0.551566470609331,0.900904329972375,-0.777011419156776,0.33651647573699,1.52145134498642,-0.59539437607203,-0.605691177332539,0.45600294995482,-0.317400108911462,-0.421627988601471,1.27210754872086,0.0657407867495061,0.0769678768462191,0.390417511986735,0.60657279511035,-0.238029631503738,-0.570055389833778,-1.04479338344851,1.37572115753346,-0.145050572425616,-1.90523924903441,-0.732671170502225,-1.15047128049309,0.333223097028528,0.136262027899671,0.732991667515603,0.948385669249439
19.7935895007575,0.520216457554957,1.31923171964234,2.06624727069071,1.73078613049822,0.066746216660166,-0.0464948181417541,0.924294202129918,-0.0849109092710763,0.948039602551708,0.597040287683117,-1.37455613286123,-0.358236118952675,-1.31529380575551,-0.819083406430258,-0.30393077907685,0.0665360131509387,1.03137734736776,0.0417069667874414,0.662956915631954,0.512335555627882,-0.430050681991786,-0.492138872403614,-0.695015043045522,-0.954055098393845,1.03952815166067,-1.23454459126446,-1.6481426418834,-0.866716504321091,0.531855028484553,0.896825808742495,0.935962687608674,-0.794479416846245,-0.0462076504352718,-0.428890550453378,-1.73342145721381,0.165171310926837,-2.33351019871869,0.899666821412516,1.88221390384908,-1.23620291404394,-0.509659291252805,0.217261960897458,-0.631969115265273,0.600810938545414,-0.610079428222001,1.10857925858641,-0.887790187989545,1.35836704306364,-1.18609624670084,0.878904767608169,0.131458431283057,1.02994776118695,0.030717844155641,0.851578747263168,0.430041516753694,0.640897723354411,-1.21447999991968,0.60373026727693,-0.400339558931743,0.0298362211399541,1.28761759330963,-0.666950851483428,0.111008102131929,-0.800015810122002,0.169356993022426,-1.21893066560305,0.907479633592886,-1.53549540801567,1.69802527096035,-0.700860328524317,-1.42886630121275,0.700342733841245,0.456034384801065,-1.45837274877949,-0.0501446626955606,-0.0832546040150391,0.926241220576293,1.2629852882908,-0.448400720694925,-0.145022077562394,0.414176923480681,0.69735069905898,-1.46221012259286,1.14460546088755,0.380356972443229,-1.36203915982512,1.43352313689612,1.25295906391161,0.0301241678614357,-0.812488954177325,1.0159011628643,1.18062030672322,-1.49349400179693,0.172048906847383,-0.864389999878002,-0.664533631422011,-1.60122236188056,1.8259342675659,0.392876410287531,-0.69598041408958
-6.2651957307579,-0.750531994502331,-0.0807537613680344,-0.611552977816697,2.16259607787676,-0.882457683653546,0.403642765259537,0.0662160410537507,0.435933340041161,-0.660350380044291,0.680969382940017,1.01037782844654,-1.2891182571127,-1.53693355890862,1.70455001713339,0.267685253178417,-0.309739573142118,0.0679363453343429,-0.994080566476418,-1.20638372661331,1.87465068061779,-0.895087588134821,-0.590397516856788,-0.865996966090827,-0.2450551429354,-0.899618953368638,-0.303029515506396,1.04754519691266,0.900142795348714,-0.848506117562595,-0.625781694926703,-0.606126764803104,-0.108565784400487,1.34795315780422,1.00151371336168,-1.05077206479564,1.32574803341633,0.137139552257242,0.85314032032951,1.61891522490881,-0.495467656862977,-0.508687912739858,1.26925924895058,-1.1785062758309,2.21193622466875,-1.44643394106224,2.60502059216585,-0.0265700480580466,0.137128100408647,0.305715064963009,0.391291982995432,-1.27549405095015,0.644905121955409,1.35080292800447,1.61861069095472,-0.394432279870194,-1.14589439304895,0.744885252799496,-0.18641853192428,-0.166240028786627,-0.71446145356894,0.814649343097567,-1.79483484972235,-0.112114501128495,1.19442431652231,-0.0664614232242939,2.05554461283984,-0.861599665114497,0.715125526813145,-0.954313242747037,-0.964450671033379,-0.80371572666072,-0.406172836112961,-1.05173082025388,0.365517661814555,-1.00451179835526,1.69401495800295,-1.50020773985454,0.303614315971362,0.104425721569661,0.395062529482427,-0.35612550344086,1.41499332399772,-0.88009301731978,0.806044685918444,0.588789981830003,0.183545106536899,0.139341647617387,-0.0256571165685067,0.364437939429836,0.514597466564066,0.115525194729653,1.51515569449259,-0.174477300698332,-2.08595947268431,-0.280747152034366,-0.00181665846591017,-0.829896339706329,1.96322610857332,-0.466910515153536,0.258428677046978
4.07690672336455,0.816899839520583,-0.505089806271492,0.315612824664819,-0.315732479332576,-0.0199197379804012,0.767454660414003,0.802890842219566,0.997954243977856,0.683053766550444,0.0119610482170529,0.45370645645891,0.966683187814076,-0.646002558777445,0.849855831494626,-1.2569610031532,-2.13237583442794,-0.996959949480875,-1.22346015733335,-0.0192839858629592,0.902623150727421,1.27723799726719,-0.573209451248185,0.831441252537753,-0.246843313805936,-0.188491785588968,-0.317780493342574,-0.970048254275177,1.52556339263204,-0.273002938915773,1.78281181807593,-0.313638984426882,-0.575566953759726,0.350048413721588,-0.690520721288093,0.825736223851588,-0.218176042178536,-1.29950078956986,-0.185935795513968,2.13605078045296,-1.07535657121094,0.770458541567806,-1.23299122553657,0.23969689766078,-0.970361002019326,-0.433289085400817,-0.334229280390563,1.35246473950481,1.334465833473,0.36822481628623,0.413780914800708,-1.2486555056671,-0.745547303729939,0.683602684741088,-0.743786063056949,-0.35696439307123,-0.0621450372043775,1.35834547845848,0.194511549217388,2.11629411772095,-0.209345363045885,0.0915239978730069,-0.492444978228061,-0.244587037682151,0.0395070309543744,-1.11120585204281,-1.80113440228139,-0.528368831828555,-0.0171256941387693,0.391413572118304,0.357456810138012,-0.888050992316468,-0.402931728877196,1.61281716982868,-0.00193164485568829,-0.0385982068762342,0.3856649557591,-0.37900308837975,-1.13726756426052,-1.93649515536104,1.46156307360214,-0.42781062379911,-0.0412948136153137,1.28319067957578,-0.447493213013366,-0.727983513438974,-0.249143048521968,-1.28305520720115,0.581291681384217,-0.0210041823435551,-0.707412048530053,0.663084979426809,0.53784405251455,0.346123189845084,0.610174326806284,1.75896516362357,-1.66326370536558,0.53530232155677,-0.488305330987489,0.195056427373277,-1.9197903880795
-0.980519076228019,-0.886357521243213,-0.0521535933303235,0.660293378144825,-0.575096104236685,0.328016480023828,0.867101501944608,-0.0605252612568427,-1.1631892606627,0.0783915682032824,-0.206807563344132,0.274880330444909,-0.420455899805465,-0.96864298750643,0.543337062872608,1.5529932885864,-0.322380915167478,-1.16787104078363,1.36473595600702,-0.43483755194595,-0.245282086510309,-0.0876978322515305,1.512635914679,-1.13411110951539,0.461919268840523,0.696998047108157,-1.62222403508975,-0.462495641577451,-0.688500312065715,0.89572444152406,-0.44628954106314,-0.216433883976193,0.141863246180845,0.728632068026429,0.399934137443095,-1.12578782762518,0.0781175904240948,1.70411696044334,0.218419551822243,-1.11655348793902,-1.74948372687469,-1.19003481717937,-0.547725666541514,0.70384676672078,1.18556481688778,1.35438939341915,-0.583708126476099,0.316861202512091,0.156538285465713,0.325062349464857,0.7800273985548,-0.345378775220791,-1.80306964257186,0.923046989589152,-0.729611365618478,-0.123706445051164,-0.654848486929328,-1.00582114779895,1.04761940106659,0.996570451638943,0.0523192624726189,-1.07203394407236,1.48624805988833,0.0696335261931667,1.33499398429162,-0.915068662017246,-1.98077041090196,-0.258403659139689,-0.435643822103084,-1.78681522993289,-0.215202424230786,0.571489835450746,-0.745894381133108,0.101067307233837,0.957208601472528,-1.22860010559011,0.0862244740641184,1.06599256590992,1.60279982890858,1.17822305767896,-0.0553225879310864,-1.10223418942385,0.488470583730261,-0.362853833085286,0.0462250224546409,0.199501202366626,-0.0705547608895375,-0.615554853754123,-0.860696225964261,-0.0814008468720423,1.54618541831624,-0.774516869709333,-1.05556047279382,0.0722377543314841,-0.481495817129467,1.71119238284356,-1.90938393609955,0.768420035240943,0.662052808976802,-0.705580763798486,-0.0991959257397863
-7.11178462736141,-0.331577589942552,0.628860625108436,-1.72220240714511,-1.40635643559789,-0.930628616693406,-1.25458114899502,0.0893286191422329,1.68089383773506,0.533368090655584,0.738849047055834,-1.27179122480489,0.778214744704721,-1.04569476582391,0.0560354533851741,3.28902221110227,0.505349791218643,-0.603100131245345,-0.53470020971453,1.03413374999746,-1.0299776783218,-2.45556219289223,-0.504601888538242,0.567419197266663,-0.744230444352698,-1.12182729171271,-1.1374601188002,0.172039205089604,0.00406758252187566,0.254854557803259,0.56506835640516,-0.52540006878061,0.704728261931323,-0.61807406165889,-0.423049108276728,0.173057554083032,-1.10273794485277,-0.518959281364228,1.23320117213895,-2.58846830585277,-1.02197397081717,-0.957731560270025,-0.0136640691972185,0.290431658648052,0.118315354831661,-1.56318983628307,1.36969331205006,0.117438085749356,0.555962368291323,1.22825502795429,1.07460158278104,0.135290996408702,-0.263720891545997,1.16252304388856,-2.95948469579427,0.689434777040366,0.207911459976752,1.1898596805041,-0.426073926782946,-0.195906723170628,0.773510002659496,-0.51144664752366,-0.495546661818956,1.32347303284367,-0.936821259422338,0.157014995634822,-1.77916799949471,0.0962347572722876,-1.60512381955633,1.50696491209289,-0.0944918968579423,1.25066601842155,0.677590923576687,-2.65248646474512,-1.60638296471913,-0.0582144756664026,0.425344355938643,0.782794158052464,-0.511806807969284,0.787993259597447,-1.84719184894503,-0.859768900173739,-0.723487493119475,0.575026707955604,-0.763449554355781,0.0411019690175791,-0.615050702781686,1.88271354246886,-0.223027482477722,-0.829018656277588,2.76493354278749,-1.04347045576579,0.790067796466741,-0.786209661104542,-0.309921213583781,-0.530731624124283,0.0225539996412941,-1.67063120306743,1.53014034239638,-0.759387586840877,0.158583029562762
5.09831251214495,1.12071265166956,2.18000239748484,-2.13462604834862,2.2678598535587,-1.13141496810912,-0.157797989663033,0.40131137647635,1.2171205130423,0.87558663265039,-0.0257216376960103,0.973595241918216,0.577272970940539,-0.132058867317196,1.58404961323105,1.4306875730458,-1.02755740587754,0.728380227622869,0.567579457623272,0.185520623831921,0.166650164199757,0.896467301277569,1.64338057290397,-0.469468491823083,-0.50316866840698,1.49419398656821,-0.243380628049777,-1.72860714476836,0.981170134876251,1.05801013087003,-1.34383498629717,1.13930393463457,-1.68964427202971,1.09824807391632,-0.526061993895207,-0.313062957232373,1.58395575880616,-0.917484202925306,0.351043034466299,-0.561387490763475,-0.411858984872813,-1.36599990045999,-1.36805871239572,-0.122794708579102,-0.652115112351026,-1.49495074062861,0.675587360072401,-0.604154440122231,0.592110325963919,0.555350930554371,-0.495868812004645,-0.768250869097864,0.903145470098881,1.30635759446907,0.420886137521797,0.839069445983488,0.618304288582527,-0.627539871925723,-1.16672579391861,1.01534022520018,0.794840547948345,0.256777174427634,2.17034854840365,1.07595365493036,-0.73434827181908,-0.664147559934549,0.209717967002397,-1.02663563733285,0.596373119040018,2.04887915231546,-0.253973345749493,2.20542396226719,-0.426106895403256,-0.214816401734293,0.772407164508924,-0.248932467476926,1.62945120070855,-2.08590578716635,-0.435577327561002,0.389099776773181,-0.0285019420886071,0.104596466562642,-1.32539200794303,-1.52330149255665,-0.424151629873123,0.198806844473069,-0.707782368906973,-0.531913729634865,-0.0627700398438435,0.781140111613266,-0.156000386621656,-1.19141722402589,1.58221658988556,0.0125360878265536,-0.53099886051845,0.39227593248689,-1.10667179372795,-1.51488404510072,-1.56738924101713,0.146928771537127,0.0740595634535896
2.02985805590919,0.298723699267293,-0.0690173065192163,0.0689455981370002,-0.770853928970678,1.0862303889986,-0.512316779697817,-0.888560604004252,-0.0274388268504688,0.138510650187177,-1.79672769000597,1.28078712369707,-0.396721690855446,0.138724708909393,-1.4386345459615,1.40293328467139,1.16087863995159,-0.616519167875096,1.7349226354558,-0.974735612637433,0.807312822277692,0.755326368705535,0.969512934963035,0.275324307767121,0.850671276732819,-0.463913322827306,1.54449147580984,-0.0816414262638184,0.597888355983528,-0.0878634500344422,-1.01195265220205,-0.661885030888089,0.610526955879975,-0.446278448548348,0.971376192828045,-0.0769858753929809,-0.486160267720359,1.55815028786074,-0.989830062430209,-1.42138981586395,-0.0740947906158756,-2.77515782589579,1.68880515313423,0.726775736348268,1.0518547103383,-0.137868795147691,-1.13848801818189,2.07241635834731,-0.779065077458352,0.688868790437796,-0.434869069440223,0.273046280444806,1.0886028643772,-0.712961883941764,0.885471740076363,-2.28604824614248,-0.994068512281493,-0.856331837601684,-0.853568252931617,0.537846555965881,-1.31597676252844,-0.42694528366212,1.54176011092487,0.95368844909155,-0.821791969665965,0.51478041469411,-0.084516736124105,0.662827038789876,-0.508242251948581,-0.69692017441023,1.62605077419634,-0.079550823086507,-0.350811275803404,2.49049517075787,0.816279166213976,-0.628907224093637,0.210951897318696,0.809709518171581,-0.441587367255947,-0.0971370472390685,-0.749942689439217,-0.335593032494699,1.54185101201004,0.99520436399581,0.683014310584544,0.620257195604512,0.525696775556012,-1.38039981108157,-0.598305643137267,-0.800305410404885,-1.54569242564309,-0.1543038812319,0.609384408727064,-0.141645073255746,-0.373144491826797,-0.360165043761438,0.0184418853963707,-0.957845672890014,0.0977832810953766,0.561902417118868,-1.2725183814431
14.7140191555626,0.779621924555324,1.5448636020376,0.867821742581099,0.380315696994393,0.514242102223054,0.41302086839955,1.44916942543378,-0.291545604297294,0.940187967870956,-1.81561079116872,-0.0258765473419908,-1.55747040157249,-1.60980434526883,-0.639718612528588,0.020715065638683,0.678678000535035,-0.262408915622796,-0.956901203204413,1.81410840962851,1.95330127020184,0.269681729309377,0.943952740205004,0.0322129445655805,-1.6193600265553,0.590367514808984,0.306066259231554,-0.849849683570918,-0.63382094315049,-0.618395917682794,-0.138476920189261,1.3794303990613,-0.376738654360035,-0.162168101292345,0.153901358700884,-0.162432055864598,1.25125422236277,-0.601647082562133,0.0848896811888582,0.486066631662224,0.218146212992252,-2.19682636463027,-0.862774861931191,-0.410781427130582,-0.740098805244436,-0.138705643429147,-0.97752382120594,-0.0595390470916465,0.534081858772918,-0.501841787126396,-1.30466557519606,-1.7757444742236,-0.861382774478393,1.66277723949173,0.722968547665175,0.293591453278285,-2.00665999598583,0.523089254477012,-1.97080889496938,0.242010150662236,-0.299247116323493,-0.349189988659082,0.178122754790225,0.0658893404360271,0.111640867299325,-1.36464664732151,-0.799586983419462,-0.771901586342907,-1.9540923677552,-0.876590461869845,-1.60763343008291,0.369779419853754,0.100696899622549,-0.799579194373931,-0.918332489466411,1.59873248160155,0.580972651709857,1.42938535260475,0.550187869240404,0.329428421496304,-0.774727335289942,0.248759309012873,-0.207006805614477,-1.35349445216109,-0.327471659166405,-0.161577771598949,-0.0528743511832612,-0.969561927857371,0.590751464588965,0.156496069795183,0.34544293212414,-2.37999697513604,-0.738980642341524,-0.13927009398896,1.53504687609209,-0.196667687218461,-0.119450490019777,-0.114074085965343,0.123560085341901,0.210999046261407,-0.825481241088508
3.23067025705743,1.45578508247686,1.32145201716263,-2.29004417945875,0.605136772754965,0.293168380759209,0.564256260947448,0.205510471859438,0.972627821273574,-0.663677074308801,-0.25774536802801,-1.7359637799923,-0.548407913677815,0.972991445547876,0.0867654667091841,1.22208988460687,-0.574900472450726,-1.26620171987025,0.536674763738936,-1.23774479497207,0.635005355330477,1.16017178240129,-0.467184967910022,0.758938467022134,0.151788149557843,0.597002078281723,0.320433104552515,1.5362757914873,-0.379427027761042,0.374546974025935,1.37301257847713,-0.780738067180268,-0.218404641401962,0.644012038902095,-0.903282882669507,-0.650604294748854,0.372095688815168,-0.879469560386352,-0.802835953202619,-0.016944236798248,-1.21471788543881,0.44616024836766,0.10496540032216,1.54943972923829,0.266982865065029,1.57196563030131,-1.86194064199052,-1.59826403095486,1.60611813903869,-0.0884357732974429,-2.28060891701926,0.0154430318059756,-0.406042019121054,-0.695555530820577,-0.664307027770064,0.847689883121019,1.04561204884642,-0.543490497003625,-0.588023742395636,0.49352317437724,1.26963145023077,-0.895852319508746,-0.156488792880772,0.237838762753071,-0.11825799379616,1.56073741040452,-0.497234254609695,-0.914920718078472,-0.369665831679757,-2.32003249461199,-0.32931572792381,1.05396897645545,0.094506192968588,-0.92797104172944,-0.212574141146783,-0.145118349688904,1.17618946926625,1.29580933598444,-0.223363199702367,1.03758335422065,-0.497652190404011,-1.40037323906843,-1.28226705718654,0.385878396754513,0.486714815526892,2.52951334660782,-1.97660841496661,-0.74426306092539,-1.7149806031938,-0.425029242901201,0.237633749920966,-0.404550778174606,-0.0645021062655489,-0.255817294550752,0.648610489307934,-0.205657263359157,1.45328661454748,-0.845321586699669,0.585812248046538,0.00892518956224097,-1.06501916717292
-1.93582854555413,-0.644328429231302,0.322151575362802,-0.15019028820832,1.01967413681758,-0.562654830461337,0.726065952100765,-0.0561199676644025,-0.23970672930526,-0.842412232642696,-0.0607272386919699,-0.945175883718,0.217260182352515,1.04888304215775,0.466811178990879,-0.577103633365481,0.0448941847444126,-0.902752301845523,0.725042624185564,-0.965472808875755,0.0318480421712833,0.230170318589479,-2.04974836448467,0.279070463578489,-0.221021283759817,2.06822058548301,-0.723347451964526,0.715084286827625,-1.40773306995483,0.176355873377521,-0.101229696267992,-0.0123286550918683,0.596867147696596,-2.11172283232482,-0.0446167431432784,-0.503577336765753,-0.680127551751189,0.0109877800851639,0.193654121795118,-0.433818489095867,-0.231859881382705,-0.94573673614992,1.16471867459579,-0.397133849857545,0.00728813009377727,-0.200703346775051,0.0537366693298844,-2.03735583737134,-1.08311932990998,-2.478283816922,-1.64532698379504,0.902370861518264,-0.181848318818148,1.56594327191011,-0.280677041205249,0.620665287863335,-1.0889027974059,-0.157168074194571,1.38698245268798,0.612088911959095,-0.65932340090591,0.250568255924611,0.507312054416037,-0.685003121242023,1.096086607343,-1.0005046379888,-1.63126115268234,-2.06815040197497,-0.0792629364791412,0.231655159944317,-0.546877241199328,0.643910734537969,0.422143204627325,0.302650356262397,-1.34212076839615,1.0818731001319,-0.494577011573031,-0.325723468413774,1.57072572549115,0.2293560133886,0.444739852746237,0.243070804100404,0.178233422870847,-0.387190231998558,-0.457134141734585,0.214959898156158,-0.0289082153777363,-0.245515110503266,-0.0733626436620492,1.29202834392017,0.10739564458408,-0.207857769163019,-0.732385241799738,0.310561413974574,0.542149217173472,-1.21162676117294,0.894612429201706,1.35137443959897,0.648580436890697,0.444032308086566,0.579972110036056
-1.07829293709488,-1.55313740522969,1.53095511973516,-0.268781792791041,0.474943044148217,0.207142723762983,-0.41510221515824,-0.639859455343138,-0.901717675681056,2.3643620566372,0.991873728143753,-0.461119638727372,0.913234969506863,-0.115849420987912,0.41725282377052,0.825420145543567,0.329923093593966,0.146091490554162,0.0611383686094142,-0.831859966522379,-0.376810296951107,2.22542067326755,1.73747937162744,-0.242493779303844,0.52917823817669,-1.68935735987575,0.87314561405514,-1.08389685062094,1.72262313800224,-2.07071857222431,1.27060175432264,-1.07846675898945,0.149051063103709,-0.445228165224612,0.0789878426889465,-0.407692811059348,-0.00563791890345103,0.493872342206147,0.22339503194174,-0.0960182644699129,0.734384268466192,0.442891098113317,0.771845858475219,-0.289540039536652,-0.322076587749399,-0.781562147440394,-0.779990915541649,0.15047935698038,-0.799132495488861,-0.86414979095969,1.08729514060002,1.03244997653811,0.0463540436785793,0.545845026647247,1.12958151737513,0.91487063566867,-1.9237159188932,0.408864401474494,0.98647113064477,0.989014498975715,-0.496509900000016,-0.286919472739497,-2.36415755711631,-0.182657269322564,-1.58774757629176,1.45869693785892,-0.539011994208216,-0.338600405155508,-0.907900001932058,-0.0205850383052656,0.758360750515667,-0.586914650240273,2.17694772859363,-1.15291826279828,0.0875469218367389,-0.634458150199138,-0.145177710053686,2.05143879846823,1.37377036955907,0.0717483931845172,0.040651587240755,2.26010756163414,-0.138540177092295,1.81600099120266,0.474445084945853,-2.23703493045188,1.1277980519537,0.752513907902488,-0.823752157486666,-0.665534387562284,0.0934581137594863,-1.32680947342775,1.70488804450557,0.19722147792487,-0.76409688518842,1.32194634745342,0.896200659895738,-0.850237003950756,0.266572015532622,-0.0441691586954559,0.0444658164463852
-1.51580161828182,-1.59770951669631,-0.421239693338574,1.79133204114731,-2.18594644011259,1.2280774574073,0.0416153001654098,0.71778099875746,-0.63117432512262,-0.0328630945809129,-0.968440976527722,0.559566137270165,1.5522148463537,0.910867637557604,0.607894752103972,0.382837248481534,-0.316728567602013,1.3384243600138,0.00446255689178777,2.76099971244157,-0.0216536748780434,-0.866470565869161,0.28033918487374,0.0406032025983284,-2.40091229362287,0.744169874233573,0.424416779575045,0.297392921592254,0.706814647625521,2.10119920799676,-2.04048913888286,1.62099210897969,-1.52716984747244,-0.822585447402744,-0.221824916123363,-1.45728333729039,1.77820316304361,0.17419863092201,0.200229105394067,0.439085140888988,-0.411542234553757,1.82733220436897,-0.750776712508746,0.290075165620452,0.0955261056126931,-1.51396212581758,2.1302664281814,0.372065990663875,-1.3401950718929,0.2263837910561,0.0392421647855456,-0.88041085822477,-1.39785982648634,1.16834804463134,-1.58163234898924,-0.102241473183986,-0.559574138702578,0.147176344028999,-0.513604314624203,-0.135774019695292,0.213124912926267,1.26746982221852,-1.54480469334088,-0.816553003325601,0.794153199022137,0.0755105907381823,0.543849745690898,1.34907928932539,-1.78774245891032,-1.80686360025974,-0.0941591504783935,0.150071123185922,0.632874911002532,-0.867565837916303,1.48284415771302,0.215573252260943,0.77050126803247,0.581858133852171,0.885087143467326,-0.967413703159606,-0.079323504274643,0.379835429271464,1.25083015770931,1.0402677897033,-0.0645563138538572,1.42834493100451,0.781106380764694,1.39145223676207,-0.35655775604694,1.25227818119775,-0.992672008205996,-0.275628124061224,0.398002812015051,-1.18718183606909,1.49663599407663,-0.227058719076059,-1.57907538939477,-0.343440873758961,-1.37696374826088,0.921339803762613,-0.0753325430143501
5.76815090587156,1.80509751881082,-1.15882102281814,0.67226804169809,0.933192166975154,-0.430012569304131,0.224292050515328,-0.0645002911054802,-1.6259750852343,0.650429870053779,0.380720578668797,0.207371697786834,1.26813065319604,2.06183133700557,0.28020989415716,-1.21166257971452,0.551509487774879,0.666873430916567,0.488527825024903,0.263478173689708,0.118189709328244,0.747952334850916,1.34751518753312,-0.641448576666786,0.709130574717,-0.241762856033551,1.25173667153228,0.61910021175287,-1.28304547474126,0.823036195752053,0.670141691049779,-0.268205523772239,-1.06618271164564,-1.23925222239716,-0.362461935763903,0.477207140363062,0.975888742324914,0.569878870537402,-0.385583849349843,0.649110294748763,-0.0187557145149346,1.01422541538369,-0.600626985408532,-0.21752900571038,0.873493961598694,0.272259654425301,-1.42375550823454,0.332668798331289,-0.277167025723512,0.602286477993641,-1.52261828765427,-0.67342716685224,-0.126043482987673,0.326558787593644,0.0651267166353612,0.038202634086951,0.838619902458889,0.520688022905392,-0.539221807062743,1.49614777821226,1.55006601612686,-0.853420752680771,1.71386657404625,-1.28387656968109,1.02504151035605,2.64155683329124,0.981453674798567,0.739157863277556,-0.0336011959649561,-1.03532160149332,-0.863259104546156,-0.469721962174242,-1.2839716212171,0.462371102724764,-1.14971074739583,0.407197989988903,0.702198841153574,-0.895383012832278,-0.163289804860022,0.842882295734715,-2.01286417782221,2.99650215877522,-1.06133236408484,-0.0217233819825468,0.709575200525638,-1.03223523948011,0.740693151462079,0.057579509697974,-0.540748050039177,2.28002401483049,-0.934726480753768,-1.1040263508837,2.03693910666691,-1.44957763363404,-1.68292454690525,1.54787144721369,1.12161946840601,-0.363153056107901,0.519295511566303,1.20201947248178,-1.11924182521997
-12.8420608297975,-0.481647363694637,-1.84536828942147,-0.209301136296734,0.475435421232725,1.33190835172714,0.786409140414589,0.13242959590706,-2.14949594492572,-0.698380862188483,0.213509740708371,0.400516269744986,0.760401524537182,0.776568452786236,-1.17626757068755,1.11629650843708,-0.540184809904946,-0.634380589970193,0.567560766788254,-0.639062304229786,0.337506558530138,-0.320562030631306,0.500537883995336,-0.960519926700459,0.413429437302669,-0.171535140594553,1.06448397722778,-1.16033654677369,0.0824746937830665,-0.466235890389742,-0.0308976536168781,-2.06454848964861,0.535808887797185,-0.0489671060095254,-0.487803443907489,-0.0729373868834082,-0.178228022666492,-0.798214785081896,0.82064298563335,-0.00584178692789696,1.28604188769051,0.0415909460763897,-0.400022944335427,0.361967491802503,2.19354939774795,0.372541043573437,-1.37365705627585,-1.16550912423713,0.38636561912277,0.694516500089306,1.43419376832394,1.00172886034406,-0.82364007125559,-0.792405044338764,0.028516503166224,1.00807428335845,1.20937297317082,-2.23571444599814,0.608087525403723,1.05313858900942,-0.148759609817538,-0.615025027094417,0.684578322043269,1.24221493483109,1.39468304199683,0.426425793572722,0.305165513648084,0.100476316084815,-0.413147227612214,1.93505849302867,0.671670329858343,-1.02955335814622,-1.7306263280438,0.626828686954359,0.217181912921203,0.0158647939954835,2.52697396184073,-0.876520971028211,-1.40683465325835,1.12150612977661,-0.57065246282667,1.45815682358895,-0.55166992902696,-1.20417217907575,0.205423430903566,-2.71043597996894,0.251694444441315,-0.0273782496905325,-2.17787499292564,0.108394668765456,-0.578534413161645,-0.0222142306336109,-0.572651354966699,-0.0291371734115123,0.782295537141927,-0.211595627748157,-0.71351881150872,0.505393278599042,0.490789045142213,-0.102968332428862,-0.511419015396543
9.2855023431167,0.620379801298422,1.15732528705715,0.0121825061243721,0.390281600028403,-0.7632671560725,-0.423362837233043,0.0347150845540897,2.11262792349993,-0.437500611944236,-0.968506531936367,-0.0514096698764048,0.659180420191723,-0.186582022727193,-1.29423356811136,-0.818011975318963,0.128417652074905,1.20876062324752,-0.0691017860751925,-0.129426375602313,1.79569825412537,-0.830560575606642,0.669602852515611,0.871654759463876,0.20874854491843,0.281546977289208,0.894792492090079,0.860901264620597,1.16643078129834,0.37612835340632,0.166804689323578,1.92431425358019,1.56298358988597,-0.0370043690290329,0.410025532101694,-0.54463016789454,0.141942314971162,1.54940019847784,-0.0339428351701423,-0.713902950752607,-0.212947246094682,-1.43626305638799,0.114026866072567,-0.440435159765109,0.594175003905653,-0.384627570912764,0.400824094639191,-2.95296610037848,-1.25500445899682,-3.09008320098499,0.339396149978281,1.40539440154935,-0.0832831053471473,0.677931874145022,-0.379876740100001,0.93812388910942,1.48000429658367,-0.540640982741805,1.42263130619614,-0.35071439527757,1.51757373413286,0.895046865888372,-0.393458732127088,0.0832378085270426,0.208368390079846,-1.05841306799317,-0.213122736914558,1.23884672865412,-0.352113909474323,-0.500481081539488,-1.71937421154481,-1.46746096231876,2.39438660633982,0.344875624405767,-0.073017754366146,1.44131759017139,1.4924622062096,0.235439387624478,0.12232868417573,0.795317353663189,0.483029161040434,0.32649299849876,1.37862306631523,0.583634748245362,0.302416448538836,0.154595270767164,1.88633638774034,0.682574259316026,-1.15014741651093,0.0932052682854713,-1.03598803025401,1.89826402153209,0.579442442779539,-0.921950052259434,1.70305235181175,-1.78339386399695,1.42507251946581,-0.0681548195819148,-0.825854626438436,-0.478599516642679,-0.405392831869587
0.674593751219002,0.612123492650849,-2.12354988101476,1.53411686438439,-0.727328150843188,1.23231883156069,-0.367533956550453,0.28165263482086,0.269080433253502,-0.719087417049352,1.4948730987816,0.824944695687561,0.653989652414126,-0.50989851527311,-0.3187407058278,-0.444864848082868,1.77590486159275,0.932657017483215,-0.0628337353307094,-0.163620412882294,1.08358238155257,0.244342456597531,-0.415730377359972,-0.740468478172525,0.622615094964549,0.604896825745382,-0.780804980506557,-1.61685572533955,-0.495559599722048,0.74653900087654,0.663030432185572,1.64547147411687,0.355861023685839,0.156218295857273,0.389019378476921,-0.176407774976444,-0.688901164604377,-1.83250789456366,-1.74897099642322,-0.108164656212317,-1.12957389229652,-2.44915038204242,-1.21502646059073,-1.32980509218986,2.34245867048061,1.20677491272467,0.0576581999972901,-1.23790827663235,-0.454334518827175,2.01644363926456,0.179097069795914,0.181455741717722,-2.1334667080843,-0.418581969717753,0.0712276817770648,0.130321643586124,-1.12141682797635,-0.827932970196056,-0.200323751912242,-0.261258911267999,-0.576848761084448,0.725277684949415,0.484129421173041,1.25071757814364,1.46928401968824,2.07178096485854,0.620091669972737,-0.670032622954129,0.184036269198795,-0.857214379811184,-2.61615928723954,-0.122682690084622,0.135133858369698,0.765794913291033,0.0447354178117306,-0.285643835816874,0.428207884054614,-0.187002060604448,-1.1608254645197,-1.55537454571579,-0.407362753676554,-1.2241739043796,-0.0751728148655399,2.10320929480018,-0.620903896846406,-1.73260669709563,0.700815544500277,0.197527169380453,0.471559830950969,-0.436475903239053,-1.18355045956904,1.07550282559938,0.564863011876801,1.56488445340942,0.010654659600966,1.27534622351826,-0.442300291417566,-0.453646694937098,-0.0285105084189479,0.509533218212261,-0.431703859531513
-4.44057391285292,-0.162310976918126,-1.19603151811083,0.0772918164071403,0.986555948076592,0.609058662925924,-1.76702030593096,0.919278254827668,-0.519472155609454,-0.274989184175191,-0.336219846162264,-1.67806750352761,1.55597631479714,0.714076821371947,0.845857571154179,0.844661289767558,-0.871930154717011,0.66503821425484,0.695446456420932,-0.3051041200607,-1.30335457132661,-1.16486296972236,-0.885232254644362,-0.302527821302559,-0.243076632483999,-0.185356662364755,0.212347522984554,-0.705697453923191,-0.571426244212522,1.67939077918516,-1.27026010302828,0.468945355200936,-0.563145496157112,-1.39040996103981,1.11240203128284,-1.42630942032128,-1.27283065556121,-1.07477313859557,-1.81586789235035,-0.228254556283984,0.098835113265691,0.843353930269794,0.0694796452606776,-0.380211417928357,0.0608621203894603,-0.0762586424617481,-0.0249027586602546,0.694261811732418,0.313648672868832,-0.833140447495782,-0.999991148243741,0.618484750120812,0.857728332003447,-0.13454679828454,0.909477051772282,-0.83108685787486,0.0438017921809623,-0.210125045598986,0.978347649400301,0.850434649275542,0.891229902972613,1.28713255700656,1.98553453456128,-0.00937061888016056,0.597489710940038,1.00557961384699,-0.945698337605722,0.354363920434591,-0.520208719579982,-0.474873251076274,1.59685041585562,0.141156088231889,0.110615619211226,0.323442721499313,0.434360917461243,2.01643032166813,-0.290182385659642,-0.8431678291315,0.763386222775736,-0.352908106912891,-1.6278482031803,0.182444283549948,-0.262141980925255,-0.26774020830103,0.536097367838095,-1.61228603903059,0.592344169756845,1.82030208549973,1.17834491970324,-2.17673801249648,0.18977867819535,0.888633544413327,-0.0242636962758568,0.971887081921976,-0.517647973705821,0.00600964212878295,1.70129765263685,-0.995423165063419,-0.178724914596684,1.31396109193723,0.0703880778495618
14.3765555499678,0.81187317855386,1.64219199076734,0.078437532748926,1.42398359867007,-0.822540083874516,-0.183537875876655,-1.0427231529259,-0.0157344441089815,0.896917771379762,-1.70062792063981,-0.923279416267376,0.416610866848198,-1.03526304053903,0.0590417004348367,0.951259179137202,-0.745125239678063,-0.182851517926676,-1.66800973564516,-0.321383804418999,-0.731234944944751,-0.0262460567952989,-0.326935904355231,-1.2076696773111,-0.765326297189236,0.603677369207786,0.477375233725461,1.52619128869469,-1.16082512170248,-0.0305534788206206,0.467488592012456,0.128249049841224,0.989176405554894,0.285541141216213,-1.66417656595448,1.02750275662628,-0.582511784312502,0.71807010131866,0.771879621885802,0.0239190335576107,0.704540744411311,0.483508838594462,-1.92829432218219,-0.0829645005650441,-2.2668315850268,-0.634389509452858,0.243842780579336,-0.926467284648505,-0.65362391806381,-1.84626886111734,0.352865118885843,-0.18212812911918,1.63991240220499,0.797480224141001,-0.59744805611329,-0.279943953655873,0.0281129895837337,-2.20693268396007,0.469954816050008,2.51106406190703,-0.0444795491956204,0.682576210075176,0.523065934553331,-0.940776266411646,1.0196487023812,-0.935386457677096,0.773634386063575,-1.13347660981305,1.32122937699432,0.98496602620137,-0.219711928883345,-1.72375507890113,-1.17136147354119,-0.966591475545475,1.90991658324501,1.15439277837696,-0.405397099008179,0.144442403210838,0.381387956019464,-0.569398782599364,2.9105733426147,0.413013404540941,0.0801711511967516,0.434675469780141,-0.962722944603421,0.11625494924354,0.675034397642905,-0.0286927856789351,-0.36582730949679,0.124663454020092,-0.307330701089978,-0.276688491644247,0.3879686789403,1.12593523872018,-0.0422002893937417,-0.107123094325541,-0.944654347684676,0.170885427385784,0.496600346898163,0.689564310078587,0.00659746818402049
9.77708684245734,2.19683354634753,0.883654833162014,-0.779261070429696,0.484730511200338,-0.0476483564726301,0.834871997278262,-0.2136226802054,-0.151252919119899,-0.639743485915617,-1.46767765821002,-0.657448334637347,0.0280533938348574,1.89484901774885,0.280053128944515,-0.862401297076409,1.15617780283421,-0.591407276699408,0.809997113078534,-0.85765688201553,-0.675309478436804,-1.29471883836515,0.642038634585716,-1.01986021220989,0.167958868004068,2.36685948868451,0.423691797913307,-0.0724514583945329,-1.14255991574027,-0.179229141536431,-2.25243172192792,-1.03055370943979,-0.165553758902961,0.0659995266330106,0.322132273880374,0.565321281827027,1.24678308659046,-0.0661427184666729,-0.0773853890697156,0.189343049842231,2.20278818499757,-1.02168588296414,0.219767441536539,0.520471312914004,1.71313870863436,1.73196889457376,0.0391576926330527,0.311143764452417,-0.289448318678491,-0.539430841103164,-0.623597059755494,-1.05864905709362,-0.637201044204728,-1.33379638002778,-0.216138204156042,-0.375615679624794,-1.16185321726609,-0.355060130129927,0.275148640814336,-0.312360004816015,0.221885602313162,-0.715396846660172,1.26051189469773,-1.11055679077977,-2.34254863198159,0.667790433192411,-1.6904853721451,0.306782731649028,-1.98068595556373,-0.272831610391684,0.00175714085082475,-1.29572374225542,0.631661446859238,0.255023962545199,-0.559162605034183,-0.391003478795532,-0.828335402781123,-0.300478008888791,-0.705131626953692,-0.891879645045871,-0.12964819488807,-0.87032391279192,0.566672602310728,-0.142411160337144,-0.790898279127158,0.621609603520572,-0.877136608690027,-0.573844035249546,0.519303769301075,-1.40849512650005,-0.0128563799774853,0.197071649854907,1.26693796088121,-0.739791290020133,-0.418357773566416,-0.402650514172635,-0.884963662989741,-0.786298140670517,1.39426062580599,0.454773229286028,0.874116828103493
13.7498881356466,2.04919033740619,0.524875891035917,0.16655966873187,0.349236445934426,0.170678010698749,-0.587200511162141,1.77794707687002,0.0882313538136829,-0.0761318177708126,-0.216348650591261,1.65494179674235,-2.36600857272134,0.056793059358744,-0.836591212267774,0.612258116618644,0.124097652582163,-0.806172572172698,0.385430689674264,-0.420970725968033,0.209466003382888,0.190466283417043,-0.642331767887299,-2.10527986711263,0.69707946167818,-1.51372751035493,-1.34760619676064,0.544906164891444,-0.578520938643119,-1.18603790221301,-1.08037269431935,0.380653249594837,-0.0881498600906703,-1.78858151862663,-0.620192860644725,-0.283052618286162,0.411450624878728,1.97098264836112,-0.259328618955817,-0.822493200683813,0.814428004921835,-0.301170767094749,-1.22313687934478,0.608398533581042,-1.47319580941446,0.148981190465187,1.2426516078058,1.05888290132429,-0.546312786495205,-0.0464822896988527,0.630453442307414,0.991034124892925,-1.27302460907235,-1.43418805739598,1.66035437307916,-2.55609191823951,-1.00747158355672,1.67852492453799,-0.28604435217086,-0.196849652842769,0.532672136289222,0.82186506932537,1.597988274938,0.138740366408156,-0.322740370620397,-0.609667084965372,0.368274024302771,0.634706578148325,0.921233507105289,-1.14163919373057,-0.925721320926369,-0.0332780022087589,1.97730838561823,-0.742075027016015,-0.00156722803312094,-0.993921609060022,1.38444991233804,0.895545210676195,0.719428976415545,0.856442744363999,-0.936345391358841,0.508594787724268,-1.24208314707684,0.356968448938335,1.11724654224467,-0.892873910982149,0.46871696335725,-1.10845271358925,0.408894303961344,-1.74470637119494,-1.63682942831565,1.12340973071167,0.495858953345018,0.552449521619265,0.294120312811858,-0.628675592707578,-0.445426674352504,1.88101954291413,0.154543217027343,-0.998764400007717,-0.855053480986489
4.54038155603132,1.63244563948047,-1.18465906563077,0.265324569774749,0.860124249616191,-1.22507132610198,-0.358932402586232,1.46094086182791,0.778902511919714,0.848679081643909,1.15178498466669,-1.16392914747106,0.546044490687229,-1.70072594342836,0.653533163617214,-0.105020523015209,0.901342900824523,-0.209876754211656,-0.691960211958121,-1.08726362114699,0.883079431335822,0.502807418944925,-0.511399678545815,1.242410097666,0.328495696214666,-1.94523808522934,-0.333746645555072,1.32477033234338,1.04058855003626,-0.76545585308753,-1.0892328121207,0.277584913696618,-2.15603990038003,-3.1884357559596,-0.966710164071095,-1.22396638604749,0.806893887002293,2.00484960344734,0.833947114416354,-1.62968200683676,1.18774564194794,0.0703512960289909,0.67038198948359,0.630786033911889,-0.772768262664697,1.15776635255892,-0.374287215878464,0.200738710252946,-0.606998498878229,1.06984174380563,-1.77075182926308,-0.217439090624913,-1.01764008288408,1.01373991524171,0.170257784571708,-0.734525964199569,0.111078932603585,-1.3887113580053,0.462746237728032,-2.10427706172493,-0.425871494340143,-0.424901245791308,-0.0540912667595834,-0.663258123838904,-1.08584489491074,-0.700238870483744,0.161667515685383,-0.139402707385784,0.241618742041235,-0.224181492239914,1.95165699170996,0.287708568168093,1.71985489300583,0.308804559359464,0.36617001136584,0.742837099269023,0.409045620782359,0.314245519960034,-1.1030399021726,1.06744126761784,1.70819717698617,0.442543913042644,-0.806144647951443,0.240981548228199,0.307061404141527,0.547596287137933,-1.25615278041729,2.79764070254656,0.24357587468725,-0.449700478272107,0.569510550330337,-1.61970708873096,-0.476491280472975,-0.535219818666226,-0.0820941442649874,-1.46117843840043,-0.00540364179720786,0.0702997439537852,0.716829982535946,1.03662341888878,1.68832852857051
18.919390370371,0.254271192814055,2.6557882721428,0.890780709620268,0.404611144608053,0.387332884207625,2.11412883607947,-0.364550822578012,0.386720137586071,0.617058863068682,0.633480456841026,-0.879142734490512,-0.0870771441310827,-0.0648369010779013,-0.902540961623437,-0.753762263573015,0.0730580356818035,-0.352546825865419,-0.443428572427364,1.13607807264331,0.0490746865992367,0.815673174482617,-0.62776842961771,1.60923356300077,-0.0547396064415493,-0.27831932884102,1.29765187630962,-0.687406479900913,-0.85821664524264,-1.45963928945135,0.088443827205291,0.982330797466439,-1.45185733748999,0.194721485231252,1.28123703621642,-0.131689446337181,-0.361649016866398,2.3979209807028,1.56627941937255,-0.178243464466754,1.38637916288429,0.0706625677171148,-0.254756083883411,2.42444992048639,-0.0186613668058491,-0.746706566701916,1.97158045752059,1.65620410960517,-1.20471457367285,-0.184569734957013,0.750105123166131,0.0532560297730439,-1.65345679149115,0.0708111109808404,0.0179554125560689,0.209000272607492,0.205732976700898,-0.0735568844203995,-0.561976221931992,0.802203961881621,1.37345680641352,1.46719761478761,0.269364175120468,-0.507105798160297,0.00589716790388417,-0.605101666702782,0.788706937920402,-0.386266600944107,1.74280961625506,-0.490084788817677,-0.542805412203105,-0.469257439416197,2.48749110038395,0.295909061243079,0.953280543059923,1.15869446494557,-0.18107123002353,1.13544963526787,1.16207276176942,-0.0232425423187727,0.696345574901235,0.669068559446734,-0.203070743179275,0.0917500666841099,-0.54393072627098,1.95864231657769,-0.365462329297766,-1.31436000564871,1.31233452638116,-0.624273887527171,0.614889650349935,1.77733324742625,0.0420294559237278,2.4116529940838,-1.18257412862843,1.42198693866441,-0.424714706697034,0.353993687775674,2.40897064625581,-0.632105547676305,-0.776032314280881
-4.08455430577976,0.491188279272559,-1.04791371021831,-0.467888369466512,0.367044921399527,0.490667776973891,0.645411052385317,-0.613160421373983,0.347953467019237,-1.98848492727944,-0.277309664971761,0.224613030886869,0.368892122491792,0.893158726883443,-2.03255201454578,-2.77149280105207,-0.47675236506762,0.111815197740918,1.3851379866227,0.0154285771257972,1.46960499602269,-1.16045763119574,1.38202252269753,0.390033209866182,-0.90351136526584,1.36427542099024,-0.208059459941891,0.590228333884749,1.51953011679363,-0.664066027194926,1.04482026695987,0.504854503745084,-0.785783853639111,0.00956962488119819,0.702201704490599,1.21626398659598,-0.642394071654538,0.195225376369517,0.556323200524515,-0.19510348984903,0.649777933091819,-0.0316143586224739,-0.207665162561157,-1.77820392416981,1.04145594583075,-0.842932882570093,3.1972128917892,0.101155238357388,0.987061084390874,0.377813170514114,-0.580576625212024,1.54862512200073,0.048334617805328,1.26090334748252,-1.89706538707791,-0.422371643624238,-0.341074702591909,-1.84674161523759,-0.490098760891064,0.0250599287304968,0.535303981276777,1.46213336423755,-0.849512093622035,-0.569184533114687,1.80701548061382,-1.41502014205036,0.270847525386481,-0.349005700746337,-0.0488657111744709,1.40538049450626,-1.46259305941455,-0.954712444252518,1.0753499354077,-0.571854066126295,0.740444005332144,0.0169326648979985,-1.04089669944121,1.02583496441167,2.01591947957708,0.403523976173619,0.885992522739406,-0.642684359055188,1.09847414045339,-0.89108975470128,-1.06069772384189,-0.74776511533059,0.755534620033771,-0.144142892799288,0.771931511367011,-1.16767377927324,1.63732377676547,-0.160612784580799,0.254430965036613,-0.74973507611061,-1.72932458916133,-0.112197233713627,0.995750105929817,-0.813597813039937,-1.16291655741878,-1.00578132513057,0.660517599690758
-1.59919482126092,-0.324086578737118,-1.01112252361904,0.758374556806851,-1.51919904950798,2.23912608412108,-0.3123199556304,0.495906780440604,-1.8995713794429,0.631595272350853,-1.74334781481897,1.42054996200525,-1.44043937936632,-0.23768450540283,1.34289652536155,-0.0986434264177824,0.876341415916475,-0.114083655413961,0.822843884523137,-0.824193638679315,1.27305093152997,0.438592411762408,0.901359161117073,-1.4505867915012,0.553154734452345,-0.462407092292754,0.731345855385245,-0.934530352090253,0.494777984985416,-0.284670380268534,-1.10573398412324,-0.895045428321495,0.837985038441182,-0.239225308542459,-0.0340340643122705,-0.364073100892699,-0.942164979089605,-0.931155417683148,-0.219169020043778,2.07799430014464,1.50741274472212,-0.259223049805361,0.296492871165691,-1.06497841274841,2.24744034050122,0.19163069786139,0.720346408295224,-1.19329990940139,-1.84086555578621,1.4589536424688,2.14728262700403,-0.121060524380253,-1.24178889719393,-0.575792741921097,-1.23878110825378,-0.350190420696526,0.202684492703762,0.164763650110467,0.263461343187097,0.534740974102722,-0.498626864855144,1.53418999003989,0.794498015189454,-1.28815003991114,0.358577402531608,-1.43568882846844,-0.809163014063721,1.8631403227706,-1.2708158330657,0.727422473211042,1.39167176712721,0.287697027665101,0.927378111383612,1.33131375100905,0.64128979084459,-1.26728482062679,-0.062852948384914,1.33109680642648,-1.90320369112103,-1.35549147620476,2.49167756147758,-1.05602625413695,-0.558317219019335,-1.44324628885537,-0.657986744852354,0.673066779473872,-1.58283859697632,1.86367752058708,1.0872092886655,1.02801134717708,0.741120864572677,-0.739597657100414,-0.621085819787893,0.223378763187498,0.500559723794821,-0.578850814134272,0.936390713889789,-0.988018979156038,0.110476880417779,0.94959748726573,-1.03739085516522
-7.25782429700447,-1.66205024385863,0.668921652514333,-0.641736357769941,1.54980333197868,0.892212308962462,1.18544828285913,0.24563858632494,-0.057682415987926,-1.94414536380121,-1.0185528402395,0.500920689211464,0.948342218434107,-0.88378036018178,-0.0996047055005739,-0.862521183734214,-0.10098603579442,0.101224305408025,0.593420078233661,0.876678067764039,-1.18129548488433,-0.475260266405942,-0.0358525010238236,-0.810521618269909,0.758989874736025,-1.18813923309695,0.00288316051521121,-0.365955798276269,-0.454517716118897,0.415210015632873,-0.835428300051867,0.631300208839173,-0.964901925577719,0.487081818664258,0.133943241275143,-0.121148897682084,-0.71779586783423,1.73952897557557,-0.157547978054457,-1.66835105553325,-0.163194642976469,-1.10377335509724,0.378691460912883,-1.06138214908703,0.182440724604031,1.62115820146931,2.03695698604127,-2.44229453193696,0.398565514877694,1.56075677486573,0.805988967472199,1.7452653075466,1.03821892279717,-1.11118140096114,-1.34099976290833,0.164547464663989,0.519289433666939,-0.879823493423969,-0.0753586360528317,1.15341203961756,-1.13489622142063,-0.146072128834175,0.0836461858570048,-0.0606167531129637,-0.0388553745669245,2.33804430674769,-0.859317008411515,-1.14811032055771,0.257099876954029,-1.44308443679587,1.70836547434577,-2.24370660753013,0.421022171039183,0.513865844243178,-0.0684180719081809,-0.206020452147126,0.657317026356987,-1.5002195446925,0.235099425654291,-0.764843132699479,-0.582528690793369,-0.0329387352689234,0.799488654868163,-1.39769217688934,0.103420232516307,0.0216038308953428,0.876614509402208,2.04967402358695,2.16755862848383,-1.50668124653928,-0.526702757763108,1.39321468307924,-0.479664839174074,0.133958568165457,-0.530148616397704,-0.118545628718971,0.472644050955679,-1.49333364068831,-0.385182450583502,0.632368767875503,0.105307811997074
12.9468522264201,1.76773385087297,0.129177293676193,0.627671823247429,0.499881065667666,0.798932583732949,0.553798963944274,-0.127904809832185,-0.471304986461131,0.477375023878853,-0.309481258121737,0.284829601969807,-1.62246893619965,-0.268114313447309,-1.3205457822542,0.0119144198361718,-1.92078429381668,0.207849090695812,-0.421320112079562,-0.356272676323136,-1.20204642560979,0.0401675945935811,-1.01111881519878,1.56044024117847,-0.608703887345086,0.526617542687284,-0.992413214106951,-1.57364488189538,-0.935643661125759,-1.04274751588912,0.474259782415276,-0.128871182560885,1.49876142977068,0.401293221750492,-0.652162430818883,0.0132350611594545,0.571388588929983,0.604359631257158,-0.534699284833029,-0.100102760180231,0.237004431655834,-2.1366926705876,0.0561505288000354,0.0452046672402127,0.0536076636233771,0.00377066159080977,1.1011536407189,0.0796577742776528,-0.182193049807282,-2.35239963171813,0.560203071843255,-0.441153508294398,0.516275084571515,0.594889331717077,-0.893320930502456,0.545270874817223,1.51898150567193,0.680785349063238,0.329004917693268,-0.700370633688726,0.588877899907308,-0.461010238855966,-0.448362384551855,-0.599325792544469,0.209777490100973,1.55654774293115,-1.63691667243234,-0.862974876194845,-2.33691106683102,-1.91772520655106,0.730528711473518,-1.57241144361686,1.16416815957186,-1.1010449127958,-0.405604946730952,0.218243395483048,-0.22241874787273,-0.207082200166412,0.446814981038976,-0.696728583546341,-0.491520468563317,0.200937006339658,-0.210454068213782,2.43103039461841,1.07799416046304,-0.213389004508461,-0.904799435048233,0.223172108524409,0.0958395803086063,0.309492981795166,0.960516576886276,-0.169514886176844,0.619992389155753,0.127640217842107,1.26988581759683,0.426367939808596,-1.06755106952664,-0.171375391874765,0.0954894019017376,-1.01786950156527,0.193277855285414
-1.21374483536892,0.0258010486478081,-0.422576867053514,0.248330126822981,0.460872851532372,1.93544276888011,-0.0537539387180274,-1.25043941811419,0.634731298165431,1.77872992448464,-0.514005540936609,-0.720574830593773,-1.42204093912368,-1.42515927310942,0.490032052603938,0.227902421584534,1.40296898949641,0.22020874488722,-0.0162768150919803,1.26775873778389,1.99689516035174,0.915386234365251,-0.605881005366166,-3.1417160221036,-0.391427003611557,0.410659421435079,0.963217605596277,0.0791389536912589,-0.910648848298097,0.0243136182597045,-0.716436562892914,-0.733961518647676,-1.15007260762736,-0.101980066512969,0.247484852681689,0.691694429063176,-0.558033971964479,0.0222050157562205,0.202909331888865,-0.860765378588924,-0.674864493787017,-0.404056848366094,-1.39730554191698,1.56375055187387,-0.19342082939954,-2.41262090652899,-0.532604371812306,0.778349865046236,0.619603015464071,0.329207660770222,0.734698765127189,-1.20990995216683,0.282872125900777,-0.0402091625388233,-0.431211610407901,1.39669208085919,-0.0755733136647559,-0.309748982075001,0.315292420800409,1.66384978878671,1.26876494422785,-2.42194542597302,-0.0771675265620684,-0.437808225802345,-0.610836124030282,0.375331961502902,0.144317453429542,-1.02708451520827,0.573722115189423,-1.62996414293856,-0.59816404206848,0.738838333646288,1.11525847825475,0.39622570590103,-0.188545567204228,0.780071927615939,0.0318362875882918,0.794018049784097,-1.45790020103422,-0.535829293432764,-1.75083496367786,-0.0922337936061228,-0.866403557220759,1.02526692976176,-0.42693796189663,0.944760363918656,-0.161062891586825,-0.284745428641634,-0.424401144247566,0.0482619093574337,0.714092020379851,-1.46197631036934,1.4681257277568,0.466495826082447,-1.3231069934206,-0.656033374887175,-0.556927477047885,-1.80762499121264,1.18366793789831,1.19225877478823,-1.62460094645172
-2.86516748434894,1.12851083359018,-1.14026414484813,-0.700075816724207,2.07670993327744,0.394249899631979,2.12746303485883,1.6343509612082,-0.960743692691115,0.887892531748101,-0.741466194021958,0.896460941962013,-2.19955961986666,0.282729470241562,-0.13701034864936,0.754868073472595,-2.06679567230227,-1.03177785437623,1.09881034379512,0.12882143113889,-0.171335350315672,0.345929338680152,0.0529330546883286,0.313479713939763,-0.760191426030374,1.6298411719069,0.713891783734494,-0.406645252747477,-1.0247380118333,-0.574626536901372,-0.344331281880113,-0.748757652644573,0.0684147174930806,-1.53286464857968,0.980203421715679,-1.36373251200999,-1.01867766514162,-0.392752613587452,0.920485178169027,1.53541011621238,0.327302104755627,-2.21414430734477,-1.70138503204162,-1.57188329701766,0.525897045067336,-0.329336045501717,-0.00329922078437808,0.522424063855278,0.917679378090901,0.866916185880795,0.294833387942933,0.233239659298458,1.20759151861891,0.484764357123057,2.16978001136684,-1.7613074301385,0.0812792750080071,0.44727684466115,1.18875919441747,1.66999210590183,-2.75095064779191,0.987432272406583,0.383918674755101,0.727118957480423,-1.19594242746933,-1.33939194045748,-0.222055662873268,-1.13929566966307,-0.0850105650411621,0.944375205792061,-2.70935242937207,-0.00917570397523752,0.255610548641436,1.34592514774233,0.383365883219306,0.42176671424315,-1.95545204105627,-0.00531178781031296,-0.611052319663067,-1.02142057773125,-1.69309276170597,-1.5323965037285,-0.505549709118912,-0.375973590085261,-0.639747468841445,0.368535531335177,-1.40340656414401,-0.0412481717658498,-0.690966075037066,-1.31842369734198,-0.61814930755211,-0.409465828815533,0.822746912054725,0.760817198269348,-1.79160400319657,1.34746678038251,-1.97651056034074,0.393043583251397,0.592554625204717,-0.64135607203534,-0.347118191531286
-22.1759067180902,-2.38035806139704,-1.29371529003254,-0.567401585119184,-0.307650565583008,0.632521494371694,-0.187706479444224,0.975435764363946,-0.804824610628623,-1.10316406141526,0.19121653210113,-1.43246766728612,0.102242549734569,-0.158979583631623,-0.0543016244860369,0.210220921404522,-0.328137917005938,-0.330932977403775,1.28105152794283,-0.316509463714991,-0.524467204471823,-1.64719362479294,0.236748820494176,-1.70669518535218,0.584165140103913,-1.28881645601477,0.116952692853247,-0.399582166737869,0.668547058583927,0.141525291089753,1.09639265407741,-1.05281475945382,-2.22390446051928,0.476258861533651,-0.276171391074626,0.413060932207127,-0.675630136084758,0.281309833231036,-0.301788247656003,0.399873225776003,-0.311611207659114,0.529143418416403,-1.38400303247971,-1.29710124872147,0.297785945554753,0.273127921293301,0.72887330427252,0.252614287297666,0.317313432191376,-0.739624647167089,-0.804591182959705,0.563324267810679,0.244969948203226,-2.40710254956166,-0.681562371930663,-1.379626677042,0.691478908441118,-1.23647247311688,0.53839529772748,-0.771753522324226,1.71099261359581,0.173908962800253,0.212596395294193,0.508618483941683,-0.819177414953748,-0.58796257200354,-0.985869926788545,-0.178492774241183,-1.30390754005589,-0.621456248491024,-0.0302284221363494,0.664205850571973,-0.928398626221056,-0.00756189509217572,-0.113303438454156,0.704485651042422,-0.295757007439229,0.162242035751982,1.48089130112678,0.121240622919061,0.163320752461852,0.640496739014661,0.995860115838639,-1.29473082564026,-0.399396378760651,-1.48361900676506,0.192927004167564,-0.121028833880533,0.354255596984451,-3.01631049150881,-0.888303717499463,-0.526988015238834,-0.91352645558809,0.28723634235372,0.592951449336359,-0.198190817689379,1.03378497713731,0.490067374231181,-0.0924156028814959,-1.41020401344878,2.22581061343302
-8.27107898636878,-1.06026555215253,-0.594698769070893,-0.261393925889455,0.952370885178271,0.102591102479784,0.0987578449393323,1.08407793761813,-0.495946762166434,-0.302633705669694,-1.16698362438705,0.38599263402402,-1.70094425207912,-0.141043577462177,-0.644715679765775,-0.653579835301076,-1.54888381544066,-0.317692063777416,-1.02245059221455,-1.51211395210947,1.39812068318121,-0.0833195772992678,-1.10728163695264,-0.535684529519175,0.00664668420054961,0.179411061480318,0.213429272446516,-0.581428300555339,0.490979367324465,-1.81301663083044,1.50174844364695,0.282138104641247,1.01553682505083,1.33820299303975,1.16508542144918,1.27788499162973,0.298155232747739,-1.45319470556396,1.23808725352475,-0.929391010634593,0.649837751974399,-0.171880262215897,0.551679005017642,0.977820352021055,-0.99566283498281,-1.59799483378378,0.28191767552619,-0.421552484235986,0.0472065513680964,-0.232244662817768,0.596581818134308,-0.154135233224946,-2.18338210323343,0.0788674885576423,0.449505942551217,1.5072717563415,-0.496265426745891,-1.0290240875153,-0.224463597037529,0.335590112698839,0.204491679492956,0.667841606316195,1.70775190227779,-1.27471605921169,0.411267454467034,0.867397685475671,-0.760192870165917,1.32716963626841,1.07097154447389,1.11475413782866,0.4599645886741,-1.91031766489854,0.300365243266197,-1.17163594899825,-1.12671854772857,0.351548845142419,0.0100510480622945,0.307832855390859,-0.14831287199314,-0.809983904756433,-1.48443794317642,-0.354113788602408,-0.277564461247833,0.0982282938357105,0.340143997269333,1.74581419817589,0.41455553261052,-1.23100476342573,1.34140875048414,0.806736317634009,0.575651995341362,1.89931178247722,0.280844916436956,-2.31610046930249,0.0370134036443414,0.564231858624819,0.0908160155430033,0.433777882240567,-0.2319513994656,2.7601132507229,0.385642591931491
-7.92127440389396,0.937140540182908,-1.50081408022084,-1.06388503578658,0.532788293060056,1.01021099822561,1.91037814936148,-0.35938727145954,-0.418476983928688,0.833795431870546,-1.62614115828474,-1.11065415047959,1.66756805497658,0.386238645647726,0.020391609699548,0.25185089927799,0.236518356094544,0.388304253641281,-1.16177585668865,1.66719512048343,0.648173132558533,-0.353602827073967,-1.18913854278655,0.434845410563609,-0.51566141009615,0.955058224001284,1.3847163198548,-0.765875018686036,0.419734429895088,0.409777299526303,0.984292365486186,0.411237614351906,1.08339950060871,0.237090599719541,-0.768640619235658,-1.39591856981899,2.35542543543814,0.105396665496565,0.0342317197581992,-0.311897658280858,-0.950768387533346,1.67151905628029,0.419432215160803,0.383774382585034,0.274803338242097,2.43020750742482,0.263787025980284,-0.812164471926845,0.955088791977811,0.1598334179755,0.758452845839139,0.253516966629905,-0.387732757264533,-0.306482053996519,0.797736107908398,0.709430925060104,-0.176486669231143,-1.92688011089774,-0.116408551584688,0.536455257847546,-0.374132302251357,-0.204834871812342,-0.631175135044255,0.315707907490319,-2.22794339813003,-0.478023584083396,0.748162996154601,-1.55856380894881,0.589410341309082,0.925943056455382,1.39774381376038,1.27549537005632,-0.193138737515918,0.644892381302353,-0.648253848321858,0.455579277134371,0.0999573294574603,-0.393321227192883,0.738385180847886,-0.78485468924862,0.10951419367161,-0.976251847793025,-1.56484722476395,-0.212202922284309,1.48567806047404,-0.4120694900618,1.56437731041362,0.253792272765269,1.40019516603592,0.78229351938816,1.5863725647137,-0.698258088964277,-0.367405570748318,-0.25466103927951,0.634023975757937,0.106963486968944,-0.602566515580728,1.06308116287809,-0.169991835553369,1.54056575704629,0.266654190569857
3.58451006687638,0.854451720330554,0.0158556930655591,-0.10636865398875,-0.0955477083753134,1.21467838526569,1.62145571560741,-1.0155196730631,-0.654984450267755,-2.40953049554883,-0.976897236736441,-0.0755034378284325,0.65132781853536,-0.473854785026103,-0.270451018172699,-0.415650357964597,-0.176512557406408,-0.775576431514719,-1.73762062898982,-1.62720583370652,-1.1639804384544,0.910934321819268,-0.988761177857096,-0.318457798906921,0.749620294506236,-1.50770637179599,0.0683361190868302,-1.07401030212292,-0.300479356851887,-0.743697835742592,0.0868085310687654,-0.409227868807613,-0.216790093968268,-0.510779732332753,0.462307108449536,-0.266570495961167,-0.552614932173867,-0.0470908617193039,1.55133477841809,-1.11942853405103,-0.0207751448342782,1.72765102118882,-0.279255140947152,-0.236397000990794,-1.40878431628826,-1.10008749592475,-2.50222143692996,-1.17562178026014,0.121607182261872,0.884255633472287,0.729050065683477,0.905022476523295,0.729315526612129,-0.523153212062392,1.11390620526641,-0.575727474723425,-0.377435336393481,-0.392596148873043,1.98082053797411,-0.350952247865411,-1.48066995896613,-1.21952293413793,0.329483092051748,0.264438743150807,0.53298551076681,-1.17911846137729,-0.564799199136558,0.255407519337832,0.860071612875248,-0.607967636862906,-0.61975197086869,0.0555574005992961,0.792163363617078,0.837393470185402,1.71362830145506,0.416554228501631,-1.66358315289087,0.332197281892982,1.40920101200796,-0.342882809472801,-1.81032717050591,-0.732481976624577,0.587306723864778,0.0250980034625627,-0.361359194741084,0.742289457714114,0.408277832555871,2.35566544548031,-0.528276999458373,0.766458895696044,-1.63456818223678,1.12391177711963,-1.55811614302367,0.867142115830025,-1.21572611138767,0.715411444038489,-0.370595732269976,-0.567686187430792,-0.16293873939886,-0.295331842821754,0.894084331834152
14.1500578827742,1.46072940310409,0.54016956769222,0.771103739675585,-0.142063378432117,0.500870658308071,2.0930679948022,1.33552147320614,1.39548649027518,0.257452383651025,-0.688621185218777,-1.38722221913342,1.53324704446761,1.18190209494895,-0.472232429739442,-0.192023638930723,0.888191791487953,-0.173296371917444,0.463883493261949,0.0322998478199625,-0.597802105820324,-0.989094636995573,-0.190451594932855,2.35823354984916,0.172737301002004,1.74203699856276,0.501806881720152,-0.152316187714944,-1.10570237835454,-0.543880089021181,-1.94330360974693,0.650820161849676,-0.0822492343632123,-1.19364899970999,-1.45311229287943,-0.130575422769319,-0.556142977495844,1.85262928028747,-0.0142132534887477,-0.745695386649882,0.599658700776943,-0.26414528088925,-1.1129372184161,-0.661874486822962,0.649842975490842,-1.46286132128353,0.694755268351161,0.517303428574407,-0.195152481503103,0.100625890166751,-1.14548156125757,0.111996282469009,0.169804319479626,-0.603206940352893,-1.23785514340939,0.435722605315236,-0.575161962261972,-1.46895628116453,-1.03968426271447,0.815465806168745,0.423290797024952,-1.4192100664514,1.0968634112744,-0.291783552538331,1.39100207674977,0.188706187651609,-0.117495097311297,-0.701875230664096,-0.43587355639065,3.05822429480533,0.606486159238566,-1.20841813964887,-0.317567237153591,-1.60758425328805,0.442460292418889,-0.488209876938121,1.45303628368148,-1.26180429350975,-1.48907070471189,-0.199056118625968,0.676687798914591,-1.16266033850237,-1.45085296042627,-2.45001920306138,0.1592746686019,-0.0325742350207042,0.37073738532146,0.707567189301737,0.579987737010509,-0.307081432558863,0.485900190367912,-0.416822970384045,2.82069392335611,0.25335214203804,0.178661150603069,0.48959361305938,-0.491906959493722,0.193156645741579,-0.165076343966778,0.659812299942461,0.541618329906356
-1.19314620601762,-1.41309877788919,-1.5472919670457,2.74740354224873,-1.18302571097835,-0.909467950919845,-0.692235927933616,-0.155562276057601,3.09369662832478,-2.1737384364898,0.407800887328872,0.27471365422758,-0.00710408522648729,-0.84638259447329,-2.13767534930398,0.132729411093459,-2.15605172171831,2.7001565337162,0.0306039253733962,-0.308667038457376,-0.855377217728272,-0.628349119790917,-0.709476881296716,-0.747467968585997,1.87296737055582,-1.06829417769123,1.50900072610705,0.97346042737253,-1.72394964823362,-0.779735537125565,-0.373213383156696,-0.330364933108893,-0.238049644158301,-0.782189325623388,0.828391431597579,-0.222565743414177,-0.305359932878905,-0.458291192337928,-1.25562639455409,-0.714667252103198,0.385281838857916,1.44601616020188,0.112988743144751,0.621577211476729,-0.284530694096144,2.17240809385166,-1.05420656342626,-0.669520205942663,0.542399789604974,-0.917732392819651,0.819568356510517,-0.306081216985347,-0.559512188537219,-0.592358720874676,-1.00837069339179,0.0162085541699102,0.483917152241203,-2.06574855088492,-0.61699423324125,-0.14159183690809,1.82226942095522,1.14703851557018,1.18724332862103,-0.14622254452275,0.586437357758394,-0.0229270860433565,0.32813048710681,-0.744484946079692,1.42400108172098,-2.8137129076027,-0.438239801704907,0.697465485064157,1.22089657549559,0.211152997703969,0.20343291485184,1.45658465999509,-0.213444992088209,-2.14964782050126,0.524649372160817,-0.621111472401913,1.48830548707128,-0.559906615222015,-0.0979461964741762,-1.73157539212209,-0.209834888521465,-1.27138716815331,0.290858044173736,-0.177655875003765,0.380393208795007,0.356180851741183,0.970342202622937,0.178194453670959,-0.0266920005625358,1.70742225389181,1.14566411217218,1.99023482045334,-0.476789858947707,0.162561120445798,0.741765512943389,0.216618945696435,1.9389756354783
6.80715280286958,0.567403253424482,0.849652929928439,-0.0839347570758132,0.54531840953441,-2.19720851198184,-2.28719811086647,0.926608498178108,1.90082563123672,0.026167679313138,-1.12140511399046,0.546311962688847,0.064437051241413,-0.23109629250776,0.097327073472671,0.244478759598709,0.674902938795879,1.85166071392364,0.516910552322474,-1.64702651754849,0.14884757448026,0.749104926189909,-2.3409125058475,0.764554834850525,0.465581557994054,0.619369965167734,0.207876643546631,-1.23448375731235,-0.222870848849035,0.700634175976067,1.60493949778224,-0.150762874447201,-2.42164531805651,-0.967707934521071,0.663883187945469,0.488370954494016,0.345484438134683,-1.10230501747506,0.645325719369167,-1.07691343621199,0.352941644319767,-2.56482104877248,-1.08997248317035,-0.752705205673102,0.54581903167351,-0.182671752730598,0.817249240050185,2.84370303337667,-0.318339957231349,-0.61434639789194,0.0726530989121437,1.07716764824435,-1.3896735782117,-0.905011896573655,1.7861752967866,-0.557966048118686,0.319225243932263,-1.41300924524809,-0.069459888620225,0.601845071060566,0.662605549901555,-0.162928381520196,-0.861168048701746,0.227904702303861,1.6855384853557,1.50978864818132,0.391317975902859,1.27567319478812,0.257055248554389,1.20615087978297,2.01717678959314,-0.101982041227201,-0.66447834743558,-1.80854894180156,0.65472583086878,-2.00198449363668,0.856208584627407,-1.59875547089548,1.01774151617422,-0.213765142551458,-1.68684216496489,-0.731199061846295,0.729094892400643,0.14929173559411,0.78871859969739,-0.844694067420459,-0.546170454342056,-0.303861525614888,1.02324926406303,0.834364999749103,-2.07230002605672,2.27552873012065,0.475700338189075,0.311833139756442,-2.04137337118195,-0.359280344106031,0.136711643670754,1.09413935312007,-0.724857992943122,-0.171672570402295,-1.23727494508385
9.70745710848848,0.583187653435685,0.89601318433245,0.543567634250284,-2.58185544258076,0.43854532217057,-1.65560167487048,0.889245688268771,-0.395318992678082,-0.573889841083253,-1.56293418000864,-0.539094610070408,1.42522041865573,-1.54197485904382,-0.379328576092151,1.30487964912332,1.26647457336318,0.799017307379535,0.431947946799889,-0.824726992755689,0.291300372330968,-1.44770743439239,0.569894049495696,0.142784536490412,0.556537520646695,0.364280821688781,1.13354701368503,0.487930282130375,1.57351547675953,-0.0230724796732728,0.0130377447295218,-0.054678667865098,-0.654023514673544,1.17895065484552,-1.59841479237925,0.797986604519621,0.277455811154719,-0.0115194012809209,-1.55007085432229,0.791322900105984,1.02406527111835,1.5430575137545,0.804462875858041,0.250435754754496,-0.72191930841702,2.43143308793489,-1.93784735207881,1.26792541717924,-0.607474162749155,-1.07322789518064,0.823192087257371,0.480750452429891,1.16551817669312,-2.88153617519057,-0.808815857559818,-1.5381119069431,-1.39865318964868,-0.15106193418802,1.00063770178956,0.430461310175635,0.314133719964272,-1.07723755246739,-0.0672196750882495,-0.658527212962753,1.31660768111085,-0.925530837991494,-0.869014324057149,0.627414289437687,0.395114155454006,0.224721501442724,2.04073651445418,-0.491612197347505,0.251788994945638,-1.92444102194101,0.459706976993197,-0.810395030032024,0.0252314715576356,-1.42918091418945,0.779933770770653,1.02908761488765,0.947292816851401,1.39770108207058,-1.08573927863323,0.165852266464056,0.692793547062885,-3.18032076384632,-1.49043860484407,0.180943916894058,1.36655771351427,-1.68537247128491,-0.791750231462178,-0.624159605765785,-0.529111159389059,-1.29530998748492,0.396472332635313,0.395449170066857,1.0918988057928,-0.277123449599528,0.773226648827129,1.9052892307104,-0.742885334116264
-3.10854054555123,-1.30679883346442,0.138690996809729,0.75286121063539,0.77890003053602,-1.02941483034087,0.569509417915171,0.145116991571343,-0.58670237252988,0.277072702622078,0.234661436778458,-1.84149919464278,1.0959766553495,-0.125906424899325,0.434192902913088,-0.940724065538842,0.359137850595693,-0.00893789168791081,0.11777075263052,-0.231764201046522,-0.12748953065418,-0.64893548138727,0.0275380007739789,-0.626951776482548,-0.458843210320614,1.12966010142483,-0.516100043290474,-0.810139002797385,0.217098714524899,-2.04799912709643,0.570063618659349,0.12900696744478,-0.887915023700518,-0.423063822891395,0.669082473108846,0.293574299651346,-1.20545738085911,-0.553108431243241,0.0702220203658488,-0.588582740156264,1.37118514883875,-0.504795475928999,0.0990111125367341,0.320914622890749,0.172495985566207,-0.52027221171526,1.0513112251937,-1.13955622268722,-0.056301570708612,0.784629871862967,-0.973884181131628,0.760669852680584,1.49320850734604,0.75419412937056,2.60436861680818,-0.140333117933283,0.100333618957527,0.304646159475062,-0.0186260044536064,-1.26952035209252,-0.910025755783634,-1.63451759749913,-1.77469218711168,-0.713697933043523,0.463041729744634,-0.175305371614202,-0.0457444869516919,-0.768249796923679,0.442398294241669,0.945500188902742,0.0204617196345953,-0.351145440711579,-0.615977375547688,0.326569311784586,-1.0119716719808,0.289238089141453,-0.628895699638023,0.442635466648343,-0.222222870653857,0.929611201010553,-1.30572383705397,-0.295970498201592,-0.511969701220558,-0.75782715998644,-0.817349788469308,-0.874716693022333,0.165146903596067,0.874962766260109,-0.490932714028486,-1.94343353715502,-0.620634352673433,1.32491321436355,0.734538043595958,1.94981006001927,-1.97241880305178,-1.28105373536861,-0.269825308673251,0.098714889765059,0.478810800477293,-0.762279248164359,1.42789147447094
-14.8417296115471,-0.540386073862105,-1.61932832236614,-0.808674127657869,0.292940302703854,0.713078103934547,-0.4712225866423,-0.818646626109666,0.461765386247963,0.263804022281031,-1.98376052979519,-0.790288951009079,-0.123835517987326,0.8915386353876,-0.115664294636564,1.33690041874009,1.04003821930987,-0.113555656919719,1.38680083405629,-1.40929534921512,0.801749811795501,1.10949564973078,2.2232335068411,-1.38061567709434,-0.0335947140774479,-0.22342773493178,-0.621433950661108,-0.468889712117164,0.728334974436501,1.63856257847595,-0.0163787070377962,1.96159150513553,0.765140491075889,1.29206876334226,0.545295178102144,0.576652678606689,2.59200363009101,-0.296727033058564,-1.27645682234234,1.21232538362493,-0.425457086313622,0.00956590908040757,0.473218227828143,-1.21254132377267,-1.20144539832913,-3.1976486829107,1.37457156966488,-1.30798570555831,-0.441299427681566,-1.31736810707798,-0.486678307912492,-0.408911342859544,-0.950950285071387,-1.4902220744573,0.463170665388859,-1.54987416261042,-0.618381148443272,-0.975055381250323,0.937477539663229,-0.679707462787688,-0.382569784083507,0.564519730430529,-1.59436798282553,-1.20080460167084,0.455860891757229,0.495931073994182,-0.758645117370621,-0.807577282860695,-1.02915978022973,-0.658443741511234,1.57091521826877,-0.720007471073226,-0.658065968757912,-1.13289144375848,0.291191827111371,-0.0891429891180373,2.08708619481717,-0.0358631095176446,1.00599663207455,-1.69439744275741,-0.515825149245584,0.0270965291184557,-0.0730354112120671,-1.36188583124273,-0.483056517001324,-0.16587601084489,1.42158118129791,0.962713919779649,0.549181750557428,0.62378761223357,-1.39526078603614,-0.788342951987344,-0.960300331373128,-0.722036395391718,0.101463635992793,-3.03207500456497,0.450166812754225,-0.511498251259185,0.120145833911843,0.0283249962190543,1.3226498994761
16.5540704315965,1.94769266473204,0.548397923014403,1.00111984739073,-0.0867079053484027,1.02826853911963,-0.0332096773742875,-1.23682286120429,0.0972093386659258,0.889458010501699,0.978032468135692,-1.09406812598926,-0.602283794919944,0.708696980773864,-1.29897046835665,1.83593170616585,0.567361013512891,-1.7798205611845,1.31080356527265,-0.489451881595667,-0.314966208867851,-2.56138782713487,-1.00259006171583,-1.7556612671311,0.928293785240595,-0.17922392923999,1.25877572324248,0.928153384850955,0.040991851618886,0.83569273474431,0.77204766261945,-1.12767967316755,-0.399571846425052,-0.635957918196618,-0.36627914697478,-0.524443428411883,1.01403755790801,-1.91849010809183,-1.37516707894253,0.691313842535011,-0.30676850739436,-0.881892596925472,-0.340594120383428,1.78890896123284,2.21833725798988,-1.31796215631769,-0.180876563085566,-0.412561713473471,1.22682425776899,-0.360513466350909,0.420716090249055,0.519320648214927,0.115251170842211,-1.48603197708925,0.612458146837187,2.15167752579032,0.545788567535471,-0.064749806709009,-1.33798777994228,1.43384300354462,-0.462008315180671,0.0776266689453526,-1.03858464842069,-0.19576568746782,2.09147941673869,0.0944921357765489,0.408620836226702,-0.388468876788857,1.35210386170029,-0.71247007102841,0.837918352771472,-1.53367056023989,-0.630857751026683,3.35609177867504,0.606152116143207,0.327895078646094,1.35865045088385,1.08368851627333,-0.65704776743269,-1.24842542551541,-2.01110785414148,-0.124897322262325,-1.90100707037114,0.571666370867443,1.76093564858866,-1.63939283404719,-1.5873221375901,0.6291711057124,0.130340108262113,-0.388888009519793,0.159897885250965,1.96153815468593,0.332965040672116,1.96313400892387,-1.20502344828288,0.0712802530833651,-1.37056841562292,0.0984542470730091,-2.0034020719589,0.394228881716286,-0.686273085137572
2.85992556165152,0.0535902703574544,0.195282153811252,0.456052504632617,-1.46635949546023,-0.570632725418573,0.377367067760518,2.31722564578261,0.676025564160287,-0.531691621911837,-0.325946806227533,0.463697367089517,-1.09613954622899,1.36548479826691,-1.44740649315577,-0.703934769978512,-0.734184199619729,-0.15840248480399,-0.245845863322459,0.622143941148231,-2.43031902608949,-0.888051519150196,0.182640088974182,-1.93552883145705,0.250595622642414,1.74147063737463,-2.28023434856434,0.6227004278216,0.270655775212497,-0.162715137969377,1.34397897855924,0.164379826479008,-0.980930470113522,-0.935271452503221,0.368613321620873,0.286120816062299,0.312642209678011,-0.217770424640003,2.42194037717897,-0.282907319779356,1.0596260539261,1.17565746703718,0.504529171672181,0.80636397636611,0.311596575909865,0.234524757071966,-0.486649363997985,0.655626502512797,1.2930224362879,-1.4125624488409,-0.430051033300286,0.651719144020371,-0.707293470448322,-0.629279728542653,-0.30807387486758,0.092427051941137,0.275524153896993,2.40542688410771,-0.563337489072158,-0.469214732975666,-0.0506714679426119,-0.955407888797655,-0.297124405601953,0.672554860721777,0.779170097649939,-0.304035172408538,1.7823368588787,0.53748475450698,-0.135692723851476,-1.86276124030033,-1.45211371344998,1.00899693945583,-0.232951773043531,0.300098242367743,-0.349993263839148,-0.223408692204854,1.69897659201177,0.794616881517908,-0.227936460741453,-0.273432567107967,0.750636362889835,-0.836829876631214,-0.252439804896124,1.47903910023199,1.01567558349633,-1.72162315802186,-1.13227694545542,0.763967975638632,-0.0900345023442552,0.148892492072577,2.1186249015879,-0.180144153872256,-1.56688091539066,-0.213028749197285,-1.0971464260363,-0.680379266923405,0.0827908833174912,-0.0723225474651841,0.448058326511859,-1.21228872317637,-0.574213742142972
-8.40363587409429,0.351662840555237,-0.806497994763471,-1.43425030743108,-1.0831794487358,-0.434008681840124,1.15771800072853,0.05072430823386,-0.748770541211451,-0.288876743563497,-0.226813295358415,0.0167654783920317,-0.311297069880495,0.146941158074239,0.117876700713241,-0.489700073207826,-1.44193225504807,1.11276793300697,0.424737454835527,-0.446745347181586,-1.36438118365587,1.13304816496594,0.600458605575438,-2.11809084845302,-0.331534390497118,0.313062773592684,0.303905393198444,-0.349451413600825,-1.03227954861646,0.637923605140886,-0.843671220975003,-0.0635263157544191,0.527316071783592,-0.24418530123031,1.37917139269918,1.09702775271902,0.907557988474816,-0.0598517375313949,-0.0932793268457524,-0.43706299009332,0.409489952042115,1.51867743560234,0.975102681200432,-0.0267401026483717,0.501766294418478,0.291192183556645,-1.57860905797135,1.11408843839495,-1.84205131359949,0.694464393193644,0.237758878725774,-0.77644695164134,0.982472331354439,-0.106555070256279,-0.542664034739548,-0.272194889140872,0.0374380818364716,-0.326059453270175,0.305038956167567,0.246281991840822,-0.640552236302231,0.813761007555275,0.391146256619676,1.10095846445425,0.428607959480824,0.390542752679487,0.78215729644172,-0.610099846937559,-1.08276518546974,-1.03786376207813,0.537340017691492,-0.345497095366053,0.0849721730510739,-0.132774657232678,-0.719591201277731,1.19582230570022,-1.72533817744266,-0.121574368665372,-0.0145510992191134,-1.92809065779795,-0.912460700647161,-2.0074514897187,1.56020929459904,-0.310503115583602,-0.206111906508293,2.15491517212213,0.680691088857918,-0.835147581243382,2.34100320700469,-0.384790863436655,-0.659590680475819,-0.409387178449588,-0.521478794716177,0.871263710946982,0.212968669449751,-0.509409340975103,0.63211061470754,-0.212388326600339,1.05590975881,0.404210538268263,0.208149054075493
-4.01912435664127,-0.670976538993938,-0.108624235207127,-0.265304816278076,1.05773736712652,1.00531746476826,1.39864999962659,0.290835509741616,1.02555255241429,2.32423772161644,0.422330330420586,0.713715588458096,0.175138895811023,0.0343765615882022,-0.713256538016366,-0.862239418738147,-1.08636360380745,1.91848838759728,0.178541197772161,-0.315625655624855,0.267498225489488,0.630442193123239,0.619609246514731,-0.517452406458751,-0.59188755839019,0.863563135653615,1.19604860093315,-0.997656819810461,1.26447574493935,1.14007011155612,-0.25538938591676,1.58738713288232,-1.20972121592324,-0.115129666516243,-0.41044374652408,-0.577148630864252,-0.852567192838073,0.998750245845747,1.00090705648251,-1.07971590126982,-1.09641403294016,-0.866355061199612,0.674936437569069,-3.88166291219259,0.0923437132255387,0.412659307385508,-0.122113513305952,0.0505384974520483,-0.566119571618202,-0.0155564729931616,-0.0390466179602889,-0.721310581818984,0.183836911822794,-0.214531716927115,0.735476121651236,-0.736086199079319,1.62080678275993,0.284093593381707,0.691935294663692,1.25693506890596,0.90423527274103,0.0424623607359064,-0.192412574763627,-0.107656212755062,-2.09386955256785,-0.775618038341498,1.12626056580903,1.20962849627395,-0.482761222189662,0.320619860835087,-0.0166437399871623,1.06302218388118,-0.958849905247789,0.0850357336545155,0.449103030197432,-0.39266707092387,-0.0170363334400378,-0.32684936086044,0.0113482439273191,1.65994429104912,0.509598323845189,-0.0595562902403017,-0.734043547320744,0.425421967825686,-0.362139422882915,-0.788923163623359,-0.127312915332087,1.0501502621559,-0.0139757232725929,-0.124117251536092,1.71608632829122,-0.992205333806667,0.509152270785143,-0.505974289692118,-0.224934420891878,0.211688200881565,-1.07123100121146,-0.770878773279902,1.47688839535396,0.594732904432497,1.85932658508782
3.3172764983678,0.277953694806143,-0.250946623852313,0.641769163641739,-0.360320800556423,1.20354481603093,2.11850393063946,-1.81128973985174,-0.696595385421694,0.80506966941541,-0.193525353448563,0.372720397330718,0.530809920043939,1.35090452621638,-1.51039577650116,0.678578786886658,-1.00530536019033,-1.613377494931,0.109110586261049,-0.771357974867309,-1.77871548845119,-0.591059539114605,1.06398913231963,-0.695725708863401,-1.25492994203089,0.243776037768039,-0.0741059009908547,-0.964182967764642,-0.138421076523357,-1.4086838454473,-0.464180867041342,0.0354626293287733,-1.12446423216374,0.0236077310731144,-0.0508900026980541,-0.119305504574782,0.849920922426765,0.592823184196158,-0.0741499437460166,-1.33086102541716,-0.191692204849208,0.695245534006977,-0.376431795408137,-1.07054027886288,-0.755948051116737,1.23315525323926,0.616292651177898,-0.262957596857737,1.42745559127175,-0.230730664638338,-1.24415101815069,-1.4526538130987,-1.7928246891786,-0.387765254709182,-0.100652845503864,-0.594722936427933,-0.273080092047657,-0.985532322852048,0.298847586750669,-2.6431773243362,2.39345173428638,-1.22723725256557,-0.0300778480330846,-1.56948580993173,-2.30701834452528,-0.671180084752135,-0.0402537265024351,0.294911226848763,0.573316072434724,1.62287805646982,-0.0573097768145796,-0.910141114038347,-0.290794676463345,-1.08270954056039,-0.000822411276545662,-0.779441601680574,0.0686202040969782,1.33806132744883,-1.88897802466805,-0.0725953546672749,0.237535241235417,-0.00804370566269073,-0.636843769370708,1.03939638131921,-2.02928109408379,-2.25965410384661,-0.91211112334056,0.877841424370997,-0.908309895666093,0.852235442061061,0.719170606077363,0.588436972222747,-1.45117825251734,0.583090461115364,-1.19331116440253,-2.04654358543836,0.352065633088871,-0.374352054254762,-0.949749631711207,-0.328176399220063,1.19959294796809
9.4770304491654,0.691171272874884,1.69934666853318,-0.415021028711576,0.350593765015391,1.49618269695644,-1.08745986950799,-1.14514768618127,-1.27713543553305,-0.824741470426789,-0.271016889226139,-0.631418735286571,0.906410806343135,-0.364784429284285,-0.29150438861163,-1.36870654517632,-0.429018599878844,0.371769306972534,-0.345157013778931,-0.660670000313563,-0.411255871614469,-1.34633842376103,-1.6897361981851,-0.875135485587828,2.5971467378346,0.550555801699542,-0.456769697821673,1.55958569809753,-0.966235082828429,0.123235977455536,-1.11965966675984,1.33929674960512,1.04858088822592,-0.605572756040884,-0.283214140731454,-1.07546566683309,-1.05870507602979,2.32710984316635,1.0297318894903,-1.05801829386645,-0.00151806333493119,-0.602663568531101,-1.23051592980131,3.26404907516352,2.15765018959141,-0.341054007180395,0.543562935051175,0.333340225547465,0.751776828615113,0.406084552721708,0.151911345719628,0.0814673177290376,-0.865112367839144,0.432563039707096,-0.891046560332051,-0.158711385351481,0.922620884340922,-0.432504963599529,-0.142419076006746,-0.847339891687989,0.781183729670805,0.324354382963607,-0.708863763917487,-0.133203394072011,-0.611278391742061,1.73787838235282,-0.401540978369772,1.3400292287362,-1.38881763459681,0.0141192257112881,-0.990014750237227,0.283112026048003,-0.32909817263249,2.00784463000232,0.00223672582088767,-0.163976197535661,-0.135788711421225,-0.690971100199976,-0.175687242069499,-0.251130268053997,0.328408584899323,-0.959222816927032,1.6668367436402,1.46240450596911,-0.409454327346586,-0.119068752427078,-0.57824430024986,0.422914207761709,-0.00386573105560043,1.23234000396735,-0.172089545555237,0.904818273390369,0.871935823762027,-0.321443210976825,-0.859170602926731,-0.398065229812741,0.625721962293839,-0.715794759625127,-1.59965268937378,-1.97908508000167,-1.70048373578949
-1.81088740957268,0.823795328706086,-0.344298796264969,-0.459575676223938,0.0282576561933585,-0.156598432207094,1.21603338663365,1.28087282215109,-0.0924237284355774,0.614007645477191,-0.264942385461725,-0.345194724933052,0.046753128925649,-0.820965911777432,-0.890669214597854,1.10793126486612,0.0180384236735153,-0.9234435848134,-1.11218414129778,0.160214629823063,2.62886074134743,0.537050320878981,-0.0603264979954161,0.178555349297301,0.250639074239899,0.416822318832096,-0.0100614382396705,-0.737917636674756,0.173635076268846,-1.60510925512277,-1.10524197631166,0.133688803660635,2.09515180208338,-0.518418510898726,-0.0662933762200216,0.410467266279882,-0.147894758793584,1.02394085379003,0.122769961262021,1.06977667023279,1.17356436037851,-1.30730129795716,0.0727193302324139,0.397561448557023,-0.265095206094258,0.132754064339945,1.84242442238325,2.20432272353949,-0.898629444602991,0.440038018872954,-0.259486516255584,2.10101734003551,0.00729111822477887,-0.665205020607638,-1.57475798749581,0.983256026269038,-0.066598690148431,0.53128780303162,1.18357776364545,1.13918733097703,-1.63569101066442,-1.75735053080871,0.262007186930754,0.114585506616722,1.40194824631183,2.5953505919529,0.124171589831085,-0.601264414199935,1.71794401924144,-0.139456823197123,-1.04821187878222,-0.948527959454162,-1.13539828864496,-1.62048778589833,0.612104105508966,-1.10376398755956,-0.72993671104783,0.582641072733743,-0.136001356559594,-0.201110894809943,0.188830076222354,-0.0833694843398954,-0.621635044826854,-0.585190886315488,-0.36336804336042,-0.549136849587641,0.423097462364512,1.55682957535433,0.730742852041898,-0.183934820671038,-2.43307682832975,-0.463267260473428,0.555808428367001,0.899359980999748,1.01886794071239,-1.52615884210013,-1.10205285665368,1.24401731225944,1.24296394865848,1.66144857081226,1.73103960892804
6.99929815588736,2.14506502048029,0.0677720614042188,-0.792494015719286,0.473048261023495,-0.936030519727876,0.677225304631589,-1.35947002102286,1.84746361219518,0.0061836895959783,-0.553388216335727,-0.233673112843169,0.18479492819343,-0.447457109757897,-0.685476756136747,-0.751664609851581,-0.6674291868758,-2.30410442939092,0.564665808615042,-0.757814970662776,1.39529478658383,0.424586380819041,-0.730777736004665,2.42586244465835,-1.18146496149593,-0.799541433595236,-0.116480707298475,0.563557934447542,-0.0445819974617109,0.00452859263509742,-0.855044183719374,2.54360912765063e-05,-1.06362406199941,0.793874222828083,0.156018965773896,0.271780916469165,-0.293571396244166,1.17409993452562,1.02945882693718,-0.268613498878801,0.735842543741092,1.13299879737396,-0.0891646361811771,-1.16335473317581,0.991619224792959,-0.0406431783078937,1.88506554301352,1.50663164160894,0.456848483320885,-1.10062700001231,1.09522325266244,0.910336586967918,-0.868611565002387,0.16091950393298,-0.475710009389056,-0.395901374499763,0.690579868414485,1.0942982305874,0.194230440090783,0.36623799422717,1.31124196568393,1.29771512158326,1.2033189364432,-0.949157533315195,1.82231286030963,1.24323466800101,-0.186193208534353,0.0436734360906312,-0.612373581773787,-1.80444012011077,-1.34036235063361,-1.48873417847577,-0.213418443597535,0.196289639296889,-0.536982482668992,0.50734306283021,-0.0396179773535621,0.9148677023169,-1.20937519153149,-0.0852227013591914,-0.328743360912979,-0.700772066146665,0.795458775263075,2.21845918513828,0.338900511474022,0.812178465945625,-0.475717687669686,1.72967046283523,-0.426798459604984,-0.440204782416957,-0.70746271958697,-0.718779121538457,-0.86759567900461,1.0427546748056,-0.0227479257694821,0.652254314034205,-0.0689107615921859,1.52483095918384,1.30198831985297,-0.7069767075968,-0.852961678623921
-19.921940130595,-2.34694397836337,-0.650569726854058,-1.15853913347538,-0.919154727671976,0.352538646178498,-0.726376907647536,1.8849707369725,-0.929629455620101,0.506463292488822,-0.436707945368901,-2.4027098316998,-0.505011833228914,1.11965664048999,-0.0639322894309572,-0.860862570436002,0.968218245087137,-0.27664145044679,0.207867314188783,1.38598118465889,-0.748211955050587,-0.448983034596875,0.252796339967786,0.439381234401217,0.106297974032472,-1.28341146943566,-0.524144177818513,1.63523772040453,-0.791059494157967,-0.364690050605151,0.0334979012296731,-0.163254100117466,0.948588387056796,0.536851245434377,0.210617996430632,-1.6242610746301,1.19741166801341,0.383926592713435,-1.35357895791135,1.13792882052822,0.158141068167557,1.01496168179849,0.680130493625587,-0.0526667884236275,0.410308300469066,-0.363311795018959,1.24263102851469,-1.11448456807675,-1.76115830796121,2.40815170406567,-1.52815636852802,-0.44530288072058,-0.762216930941902,1.18312980098303,1.69755039311381,-0.276450996984764,0.0692020131182805,-0.852928114580931,-2.35683803455154,0.224628794482692,0.535093567066242,1.03899533715498,0.572591374300469,-2.11340401951106,-3.1836421270466,-0.910231253567692,1.43000957818047,-0.751134381297195,-1.4141327366281,-0.253507998449158,0.485397807329103,-1.85306807671552,-0.256067492171583,-0.94399066145312,-0.502889766377616,0.46429810303133,-0.585459555468938,0.753715895406465,1.35385537891466,1.96602639270328,2.20469259007986,0.546363673038346,-0.66641490448055,-0.371787210267985,1.45273664222846,0.0304901135575639,-0.565838945845995,0.561572376641014,-0.140264454588104,-2.29893307294027,-1.07690700767269,-1.92391945948621,-1.241796563828,-0.284830130587082,0.477594799429475,0.413862012559478,1.50930423318114,-0.390997909590834,1.24831215520281,1.54724863826762,-0.397956458463684
1.62166331840496,0.149591980615209,-0.487638515203085,0.710889998448436,-0.375823436339545,-1.28618864655408,0.112843941668527,-1.36860156035955,-1.03080015662025,-1.03627567570078,0.325086640286445,-0.841015659364336,1.09073222039182,0.209283042206034,-0.269658040436885,0.550004482125283,1.3910529261483,-0.537287976139533,-0.315336038929998,0.278047859640631,0.465594501550865,-0.274513011773128,-0.257853984973209,-0.266038681840321,-0.539839329801425,0.670415071275013,2.7570557590825,-1.3888094318084,-0.782779795461971,0.278487740406494,0.194691598169698,-0.930458392966883,-0.33119298026182,-0.625913455063559,-0.626750782587137,-0.561649338482055,-0.14877415710667,-1.5729009532563,-0.177291412820548,-0.175777069298402,0.593652451842882,0.683550078822139,1.07389925342343,0.279358737590374,-1.19955638577378,-0.433116454631847,-1.46265103735304,0.927023296135106,-1.01783186548878,0.529228702571636,-0.349274754036358,-0.639426014836813,-1.81765468446333,0.248171726052422,1.55828721989955,-1.72084340846219,-0.233515009247232,-0.621844073476929,-2.26118020213712,1.00078919165764,0.0899234901017703,-0.0433067143476295,-0.00722584185993668,-2.23858777549075,-0.464298334418584,0.109597783282843,-1.19293985545417,-0.696160904613023,0.259932611186291,-0.130467267629843,0.372775942370813,0.196386717269866,0.132618959208781,2.02762807967658,0.826553646611261,0.62623445732416,0.247264062833186,0.215916856446285,0.278586658074166,0.465798942115758,2.29043578240084,-1.19994410004057,1.99173927889248,-0.137960977335448,0.444656313684198,0.117625322730599,-2.65255301579903,2.72423772493218,-1.25819829245851,0.663180124932929,-0.71603273480087,-0.133906026633883,-0.50707591281855,-1.10011883236847,0.597432764529106,-0.454394737778416,-1.60165552055697,-1.34579796966177,-0.984565417560136,2.58188370400915,-0.60773496182936
0.976168341487646,-1.34253148172954,0.303151237257663,1.26760175223824,-1.81283376431222,-0.272522855069837,0.0652135747816625,0.543940411562003,-1.31951435474925,-2.05818297186603,-0.782145090380946,-0.525577561742616,-0.185498225278187,0.583689377018137,-3.33467536354003,-0.49739803131194,-0.194148446293093,-0.0675169458087641,1.63054735753534,-1.23463311749916,1.33156784073214,0.179935430347627,0.410061045573578,-1.81453819905451,-0.212894566175406,-0.388423271902224,1.1366101348318,1.54859725552439,-0.40127542286802,-1.37340897505627,2.32977108878519,-1.4033252511996,-0.387811341891833,-1.1122179671966,-0.657767025863659,0.0526099681606114,-0.0464819648365039,0.664839952872878,0.0883882605376885,0.334323928770372,-1.00717607920258,0.00849999376508359,-0.333313492493275,-0.314330345058647,0.403245193590404,0.682606257166335,-0.479085597014139,-0.706929125437114,0.602702761042416,0.873354721684668,-0.473325265438618,-0.999088880541023,-0.722631368135578,0.187715417133264,-1.86208674026056,-2.40169838169629,-0.370668934044462,0.160709979471494,0.544958095258585,-0.0525588082739764,0.311046051586629,0.15076528995,0.696542132441452,-0.0823967448726241,-0.449842247288538,-1.00942510768497,-0.181476289120403,0.847514680055057,0.718970525729363,-0.36250878059214,2.52761566926413,0.18228675441637,-1.8007597587616,1.49734217066393,1.09691762563192,1.71722508945237,1.86780418650111,1.91443471100445,-0.783824451770156,1.32767789344104,0.23876690004953,0.247427955864065,-0.917653278381074,-1.64310851146536,0.549202767571033,-1.31693110475238,-0.206338013366385,0.258471494620272,0.971919778567986,-1.37412383103776,-0.667871252984963,-0.364998436362627,0.679662061661388,2.19395052422262,-0.335613735666483,-2.14891954771241,-0.996515418860985,0.343300915763875,-1.42502929818683,1.60279332234387,-1.2032523514306
0.844483927831243,0.553303075503898,-0.241974019629253,-0.143151055750639,0.288600211104964,0.156914836911099,-0.630627211085828,-1.2380301683974,-0.084205701767351,-1.18370158132938,0.521031960705619,0.964676071530322,-0.471421528771275,-0.686082182049888,1.05127376242621,0.290913908826882,-0.489157720389873,-1.6523774213228,-0.603987672604932,0.363641330158788,0.389092754593691,0.452076350804361,-1.3397393120534,0.202415689475887,-0.052979054769364,-0.0753122783628914,-0.106262981013317,0.206723528247641,-1.98754573364588,-1.94503692648553,-1.27252671010127,0.466800425235644,1.78780177396713,2.30746830384855,-0.762528769025001,0.528942345735776,0.960769445466116,0.0235916890759026,-1.06888011089698,0.0921359443751657,0.512553775291236,0.485558567033291,0.241749488252649,-1.10190248358749,-0.151941721744248,-0.275872074668639,-0.167461905921005,1.33056234301036,-0.935592691108315,1.1866634558411,-1.35951104559404,0.0856573037852302,-1.30718458207281,0.0459820707986259,-1.58150662873803,-0.0334387300554965,-0.654192378372082,-1.97117892457842,-0.591917744623893,0.535316431778154,0.294459559869038,1.45247593558205,0.635568076468545,1.10964878398849,-0.140744337841322,0.195513101136768,0.137158612194195,-0.917934800700213,0.864605433903207,0.279729019087291,-0.85559345803757,-0.160240500286912,0.693175947501939,-0.545857397270175,0.00621579706932481,-1.41158057913746,0.150297785101431,0.666053006058123,1.02165162027671,0.579400857284654,-0.197625593714059,-1.70781410010033,-0.0377839737213138,-0.537309507542177,0.10693338711038,1.71206241435173,-0.798482221884726,0.717924909570392,-0.267671327483005,-1.68077577843809,0.734640932565316,-0.229759245901933,1.94460989679482,-0.508782336983138,0.73137208950207,-0.528634584154658,0.475858649766873,-0.0585854559748941,-0.215095862918477,0.68685865194816,-0.753646487200844
2.20940760827817,1.58996284269541,-0.481733567501898,-0.515028906343196,-0.189622581277104,-0.88181286823508,0.518855462766129,1.87713234257007,0.773902206997466,-0.521874618704523,1.88786051933339,1.16868779777066,0.633121870151052,-1.01849041259213,1.29101956711379,1.74264295355076,-0.524053526905322,1.39309821661968,0.00806566610715348,1.08686898108039,0.895789395960606,0.680015674039195,1.36500902371425,-0.707904100576263,-0.376868584371102,-0.38511698109532,2.01992506208599,-0.0611124214688964,0.455903964108708,1.65115067652291,0.426753114129259,-1.70192828139062,-0.476288522839212,-0.626964268300726,-0.534839652914693,1.32596374193397,-1.17917301055724,1.36450152547006,0.443976421224049,-0.167943288117114,1.74915496761214,1.31458798870699,1.76348878585803,-1.27716591665542,0.696838899332302,-0.634921322514324,-2.08772528720601,-0.499811736915941,1.20534416440774,0.156088053096154,-0.693313507497917,0.657554305142717,-0.269531752660225,0.106990828221626,-0.854006293818134,1.33690165489571,-0.952905187522787,0.998487756726774,-0.401746540818741,0.876984786237262,0.503898424558885,0.417440365008762,-0.688810219510746,0.140242485298597,0.194331060365272,0.276015276116885,-0.367940805203291,-0.648707289754272,-0.683181542648101,0.0364197662775488,1.47255845046848,-2.25348846800649,1.19971488687636,1.67849007776478,-1.56397434838886,0.425879654586558,-0.475034204038829,-0.4116035935243,-1.67793824811164,0.734841127523361,-0.754295289507944,-0.409091250312397,1.86879618942243,0.862951230190002,0.598233477239894,0.25716737296477,-0.514562931731497,0.83134497189788,-0.498420740108088,0.13278048830566,0.283326602384881,-0.063100968458811,0.928093396450864,-0.654872787324669,-0.195587278075129,0.611096256398278,-0.526018417378958,0.175483384399987,-0.562953530181682,-1.00828460057477,0.923514294126093
-0.925097432647831,-0.5868795943871,-0.991802864256725,1.48289118430819,0.0178602132113477,-0.121897825360133,-0.802944499856328,-1.44581007192707,-0.159947373446181,-1.15597623676288,1.58317807955344,0.0375256354082827,-0.272124450423728,-1.13475338265242,1.23824906704604,0.171098040885632,-0.535994038481839,-0.338886040826288,0.0362294626747062,-1.72536807940424,1.37665141436595,-0.62507244592418,0.908833119129858,0.901679003158067,0.244832573333689,-1.43308219571147,1.1239227259464,-2.33587829122703,-0.0343429324939708,1.21296073130413,-0.135401731193374,-0.145787188580333,0.506856714260937,0.735648767537252,1.16461644323113,-0.567738184205558,0.798482804965259,0.34946466422432,-1.62135586352839,-0.910133212958747,0.174485805234264,-0.0946008097266501,0.333028959697958,0.472145577840787,-0.187990350563114,1.73859577444574,-1.3309456319507,0.24503391892628,-0.582575512941222,-0.0610134868084288,-0.573400562388977,0.0318018012772264,-0.0638975366066967,0.514142599380045,1.40045954245911,-1.57556239066209,-0.328427749063965,1.09443138836781,-0.137623321769429,0.139757260745444,-0.233994447294205,0.962430486252829,-0.709529375949338,-0.332082917904865,-1.43301637455661,0.752668470832393,-0.369527035017973,0.999048816058896,0.169364724483402,1.82440825888645,-0.968055371641548,0.0195510315566332,0.262579192947256,0.290457762201753,1.49948953703024,-1.92567685345001,-0.022438633461892,0.538766970846424,-1.20655601214247,0.980446099024516,1.08019412892843,0.548842742172347,0.904452063446731,-0.890202131046988,0.895606293286062,0.650921606969281,0.204407067471033,-0.893431128963123,-1.20369240410995,0.0516010918408656,0.823932069686195,1.53283957128144,-0.657355191609189,-1.53715356572507,0.180931689757173,-0.781968804905816,-0.252240986933531,-0.355553658280215,1.87360156817096,0.681684616582293,0.412944099234381
-10.7925697800418,-1.8323773062094,-0.28064913880443,-0.162588909926269,0.650430242426131,-0.855250672623498,-0.681623201308383,-0.153367397633767,0.863307542266686,1.70721090724148,-0.131827514909597,-1.05945038373576,0.792838797593903,-0.458250470323518,-1.90165631418952,1.66623092387058,-1.13589545603572,-0.0753261542940653,-0.21764653062908,-0.0802615916495738,-1.26397861212018,0.717227606640692,0.213459604299012,0.265834749522249,-0.0118397007047705,0.580484936381029,-0.875498464835159,0.102233305055663,1.66503088902791,-1.19132045491312,-0.748781389096654,-0.250693255568194,-1.31469533304323,1.59026169942859,0.541483258349375,1.13820191983635,0.05882702977412,-0.325928098542171,1.31116133997045,-0.921194937096118,-0.471970551687198,0.065778176263691,1.67023422254754,0.143149860090018,0.023383461667205,0.3553027714347,0.941360376978717,0.0587463170800579,0.058723259156793,-1.16391265642232,0.700568625422939,1.23101145198974,-0.241048764884367,-0.827249998180354,-1.26052723083318,1.02669379268242,1.74276175698428,-2.59984491087074,1.15431907649683,1.42095753007407,-0.395106215967693,0.6681209419039,0.188765806479624,0.934544162078307,0.187701995925626,2.7604260852536,-0.0805755055855887,1.2597949004337,0.606435085738747,1.1745120157643,-3.50161541295719,-1.03010520833852,-1.89003205952684,0.910785540317894,0.472445540166623,-0.243160137762711,-0.231658847455464,1.19601879708256,0.621470191437596,0.915973866825914,0.842163456333838,0.430360887076421,-0.394980708463526,-0.0199206421266444,-1.14748332919125,-0.176787039959159,-0.179326506831171,0.658986607207539,0.984240412382325,-0.0594662290545223,1.32554714906534,1.71000621210548,-0.0919773939721006,-0.445567915453256,2.2360613186395,-1.10668715290134,-0.642555924314483,-0.385371396623063,-0.629273702811629,0.290374393612199,1.33230078982706
7.17051811728585,0.888139432652018,0.633017344180171,0.0417091744023163,0.310254985421182,-1.00572873499677,-0.0371627218534843,-0.945688620268739,0.969370877838314,-0.401445847310647,-1.57807665670464,-0.203198858763934,1.05168020506894,0.867376229903351,-0.442676356914958,0.280513906436464,-1.11788811558436,-0.702812147441463,0.838158212396083,0.235652766373512,-0.143482003390897,-0.306619312087758,-0.910917579651128,-0.0619568911718991,-0.289396420217081,-1.13785100849936,-1.32356842288703,-0.426369218416913,-1.23451700083024,-0.281979797459944,-0.883731213489036,0.806697561803571,0.0698778041987136,0.0630127431993988,-0.303366271413634,-0.676263601891313,1.67412823468652,-0.340594498732758,0.237892180570759,1.05350199342053,2.12595887918497,0.0863668470558841,-1.36690800808129,-1.45263478713501,1.4938096666964,-0.718066425769551,-0.472421405599445,1.62248191351854,-0.00974472713935213,-1.29234415007045,-1.18260229836847,1.57782363916057,0.22243293788042,-1.83257872103857,-1.33093546152604,1.4567611719389,0.522677450110963,-1.02413728809873,-0.0697117418098076,-0.734668926653624,-0.00234772130428226,1.41888188593402,-1.84327586630315,0.110854989854007,-0.618151965966295,-1.78439761222202,-0.651088213044406,1.15080319472233,-1.99436321017685,-0.788166472143174,1.07234869377827,0.299167193731536,-0.818687834196346,-1.60341262188087,-0.595367844852046,0.553689954321854,-0.306329102613844,-0.0371916981909031,1.26094471791204,-0.205233704424893,1.01139095377353,-0.941712026694869,-0.238182866111364,1.00503036497074,0.756301601074583,1.08609546165518,2.1026816934465,0.0442389205356226,1.05921111057907,-0.0705416558006736,0.0264656412531886,-1.40098396283295,-0.698519371731418,-0.588885985689655,0.174447380704773,-2.02056398591523,-1.26336642227824,1.37960016513869,0.638705332248899,-0.0987880206634457,1.74723950715199
4.24939829403047,1.59348847235627,-1.23981834310786,0.483039896138864,1.66835716892389,-0.913952390826423,-0.287274315226277,0.312404994137186,0.614129040152056,-0.0780482412004461,-0.769730898524023,-0.260522502158531,0.467590992515474,0.707050006321798,1.23726468585424,1.33259510479393,-1.24831579704395,1.34114089755902,1.8675922417255,0.599016742764424,-1.08289009953863,0.920545040616492,0.999769237438222,-0.0253184967587032,1.59250664449591,-0.269623668637099,-0.246917365174232,-0.56375169069694,0.0119194876682191,0.142131235516508,-0.0836337578508737,-0.960010615824687,-1.07781229076858,-0.709879329970243,-0.173574575367365,-0.0373557102511937,1.42699667829939,-0.0961364931083588,0.329153193930997,-1.08272665035063,-0.832750029794285,-1.28863490891513,-1.31455987017596,-0.258754369013264,0.83036776565869,-0.395293145752077,0.65114230157023,0.130536063056783,0.395972631512164,-0.79542024716299,1.34928085339725,-1.30285099483101,-2.00764402272031,-1.38596979300434,-0.986032688792116,1.04746474703632,-1.41471313456436,-0.923582852269208,-0.0636354220357068,-1.02009327657646,-0.61298805482906,-0.371824162038797,-0.0816086754545521,0.758044659482257,1.86348043744663,-0.402582791883441,-1.59194343430377,-1.14394707480153,1.31319985079275,-1.89236813649167,-0.383818507000529,0.855036933891222,-1.72165180829292,0.045334534250506,-1.3103112758322,1.16921419885298,-2.03663581130873,0.392980866858053,-0.170471813593808,-0.149657470879087,-0.123041854990283,0.339050998241596,0.614223157086281,-0.335236740428614,-0.623846779711636,0.601772215948222,0.813552493271593,0.77395213577515,0.421273993785616,0.134325824579007,-0.836467068916983,2.24153218567328,-2.84158985044395,0.558166544390379,-0.760911172496112,-0.0118843709598259,-1.27644799235954,1.18693358933883,0.909865957947136,0.927810199132233,0.0155082135861979
5.44286819820063,0.516854670662387,1.76431406899432,-1.18012717392787,0.672614533611014,-2.07823365938166,-1.02602716734611,0.274724375018431,2.49691850680724,-0.689232419614855,-1.08930159997221,-1.50359284139183,1.57775777615221,0.22016399489922,-0.034628603802704,0.808199641246076,-0.914279306481067,-0.237151800021401,-1.34817012612782,1.88043677162221,0.739338349496384,-2.31095503190772,-1.90060934131921,-0.65019009824906,-0.121374615760762,-0.462657700696554,-1.78339718149884,-0.106472638413761,1.62515432854009,-0.177321349321397,-0.545709500437642,-1.34055978927317,1.28296603622353,0.728664125502327,-1.14246261951492,-0.427217389903282,-0.115981682800317,-0.876063757494394,-1.32283478787341,0.320041462224727,1.14925355594252,1.14874499428919,1.30704384625242,0.350200427413151,0.319617218346921,0.323810721043055,-0.220332222081788,-0.343465519518424,-1.54289265305229,0.278242205655001,-1.53636087745566,1.06426346106534,1.15080048842743,-0.570230945444843,0.461210082629481,-1.17008747648001,1.29642177858845,1.24504339331111,-0.795002967967339,-2.37910825961291,0.0933441401035948,-1.41502128032018,0.587012785801456,-1.19965658746081,0.632459668122434,-0.987952053663969,-1.13375480919635,0.478434634276748,0.354064685179733,-0.644412180676825,-0.570118275487591,-0.966604483700479,1.39465896763428,-0.393377463994799,0.122391995372038,-1.19795352493641,0.363150835179423,-0.347291064281251,-0.886702243854071,1.88756418420698,-1.22786606800659,0.188725671781955,0.476199311160463,-0.381399607524386,-1.07295781241741,0.613726784458902,0.614258037050164,-0.0866634355152127,-0.0672121330424422,0.0854939905028594,0.527888871555468,1.33494692755454,-0.351338621993098,0.406164934123194,-0.288214431968029,0.873731885928847,-0.95039606469274,-1.89393913906443,-1.04623942411659,0.486333032460336,1.35439497256333
-9.74090565639198,-1.29567168029482,-0.0236798881530076,-0.663573739142793,-0.27751798802614,-0.140647123630006,1.39835918459911,-0.315442316406362,1.15526488188743,-0.703402591562885,-0.737530300591268,-1.19154648174911,1.19257919933482,0.317229802016674,0.870557707524331,0.394439997987379,0.73318039839875,0.317923161222627,1.93675480927368,0.380434358602652,0.239992723690089,0.345497801197929,0.495263775262792,-0.457658615770109,0.49962763438126,-0.839130656404101,2.18392171403876,-0.170588557147535,-1.63617056681626,0.971035466805161,0.43680137612301,-0.771410828575249,-1.98225719744085,-1.36768232329931,-0.242056490512137,-0.103305841298088,-0.601767313100263,-3.35772480495635,0.941934035169905,-0.221442072918392,-1.24684634516245,0.974373130404642,-1.30254656516183,-0.463176165660541,0.838075902338805,0.288701037634041,1.36823921837155,0.793793668528073,-0.552577136630951,-0.682477290649929,-1.64731651101521,0.670071437866044,-0.805198937933842,0.798527635040442,-0.929774888921025,-2.05315183391226,-0.145233291963675,-0.515513368391055,0.342279837782324,1.82784353993526,-3.04861615737666,0.481503992145545,-0.181444400245378,0.821617090025848,0.400937715614423,0.320216415453165,1.31389822989557,0.711181215535374,0.493868518512664,-0.755699295451156,0.36885522404339,-0.743404975086683,-0.307663249054398,-1.18340416700071,0.103285377138794,-0.733489833301101,1.1844813428381,-1.09203550174041,1.73733199565445,1.05514952230299,-1.27058886338565,0.214812975760386,-0.546703783910919,-0.704131399612952,-0.678631977262208,-0.562951403669977,1.18266936081963,0.099126176030538,-0.0360624334117841,-1.01374725470663,0.764111048709209,0.516113895767972,1.99910064333192,-0.441964103855172,-1.67308997551286,2.18292518948769,-1.11943215101416,-0.149994792177513,-1.46973124115524,-0.0116558350449789,-0.275516779356148
-1.17806708709383,0.0546155753293754,0.199920483827434,-0.634649894213064,-0.146026391952837,1.2996376498866,0.836690245806831,-0.384367597987511,1.87487161677876,0.205669611113592,0.902150871456811,2.45707416564799,0.687808690022051,-2.30866929119094,-1.3583535270645,-1.19649879784075,1.7687343427316,-0.422384644245946,0.909853451578939,1.83527664847473,-1.09169035716684,-0.2558937065193,-0.549336689926269,-0.3577304258222,0.159126800202691,1.66496606382576,-0.0333021993073024,0.414905336641366,-0.380076700630281,0.524698639116952,0.0617021175146943,-0.242590768406938,-2.19071904146396,-0.310905534923753,-0.281643723463561,-0.791992623810797,-0.114115414795369,-0.712002717347999,0.623212342454398,0.129023310548706,0.949345219072905,0.328501634730439,-0.848623129237864,0.416009144484708,-0.570397458532614,0.880163141461745,0.212885056507294,0.767010408124596,-0.134479702235826,0.686911744384334,1.63706497898956,-0.156454780642175,1.78639733667975,-1.42470799335329,-0.402711924810428,-0.436895192377817,0.207136885646388,-1.05295409131309,-1.75025260662388,1.97154999940558,-1.39589241681978,0.806022132531209,1.70239197746165,-0.685302743990083,-0.565062365301549,0.758179826523287,-0.175235987773487,0.390541088186239,-0.48940482240658,-1.63423060484709,-0.0196138509178934,-0.803574057476861,-0.277049717684252,-0.585476909431851,-0.088409518163276,0.598437771746413,0.0873887270113476,-0.251319358836468,0.797919185585227,1.00849337895276,-0.788012064558405,-0.940269317172268,-2.32594995728181,1.38357593841363,0.0721415456745121,0.235556320278254,0.558701237230012,-0.947331001791372,-1.45461019536299,1.25612949417572,0.666472112693185,-0.884017068466827,0.343152788415773,-0.304870249476772,-0.694114024799224,-1.61996671279056,-0.162096120553922,-1.41959788358289,0.247076262389285,-1.5482114713012,-0.474987011523208
1.18166165440149,-0.784649373191544,1.34719277764001,-0.701963031445893,1.70143183167595,-0.0293687831942084,-0.32989626381775,-1.42893573213425,-0.237557456684611,0.420175061477065,-0.349407016450151,-1.42140516618769,-0.540565676573646,-0.764126858487634,0.215011232119934,-1.0292934931276,0.0193971383191557,-1.26594751392116,-1.87040812071915,-0.823294126512621,-1.4527680973857,0.974532178905808,-0.657337469634312,0.482235442794566,0.437123423669347,0.829306964440886,0.55306493140381,0.488030131482258,-0.0655031781914363,-1.3277856195308,-0.188299567666544,0.460010575716655,0.086443393517773,-0.182634580368673,0.334158412651516,-0.741167046280962,0.049238927660816,-0.742362150135351,-0.241582813411703,0.387242997590196,-0.938140478699281,1.91164896796332,-2.1197321659119,-1.72486888255237,0.783867446429898,-1.20541449575514,-1.93919988653988,-0.675057958803407,-1.11135703186161,0.746832909996323,-0.502976851736661,-0.222541706446008,-0.069493626270367,0.405851667074729,-0.889494187151468,-0.818164201798118,0.945902195475445,-0.98059914571011,-1.18841747709257,-0.513132395543501,0.777785499356396,1.73898837199285,0.714080736234364,2.53342236830576,1.7638487342955,-0.0993130131597141,0.706469894062713,0.417608375650909,2.03661096377265,-0.121693479263985,-0.769646648801212,0.2366790849681,-0.0251708605033767,0.134177584141311,-1.45400287872239,-0.27470093477274,0.300811487057434,-0.550885709143715,-1.13054852329336,1.25074013442131,-0.311626913683319,-0.60359285508617,-1.24945546114587,-0.152904879002142,1.55465990488745,0.476731160801585,-1.73796274622446,-0.398120122581597,0.0721555088389423,-1.03925413057258,-0.308337883749261,-0.923103397648227,0.233997626846486,0.453970996185658,0.24459374512449,0.75078336966922,0.861408606879634,1.25996870551998,-1.1659281125885,1.0883394989048,-1.83793107688362
-1.66280339204985,-1.04935281895627,0.0360734877996975,0.576850378871315,0.471357880571046,-2.23662183763668,0.534802256130939,0.963417689236412,-0.452779538268598,1.06371492649817,0.589929996734241,-1.17067119024427,0.692902562053593,-0.257215351771573,0.449079188725812,-2.96997898422175,-0.0211268075651293,-0.0848667240294297,0.14387479467235,-1.350656666615,-0.78169145663251,0.800272024954448,0.944090244320368,0.0866016018159454,0.775915270411312,-0.139861348581695,-1.22096133872374,-1.16602915093337,0.204630406790098,-0.501621533554443,0.47990287867425,-0.654014166034709,-0.682311366857359,1.84534621914864,0.0973137431595864,1.89415273823126,-1.44409180976887,0.360019200668969,1.63087507003551,-0.853253096599833,-1.00797376556754,1.77464625221938,0.154900327442908,0.995611924903171,-0.0728298026343248,0.976834879692009,-1.0952138803032,1.15225373161023,0.0915691061279358,0.438320312832281,0.495820015650166,0.632632012969653,0.93780438558914,-0.905546425998486,-0.132867829349661,0.707858065890327,1.26992548882101,1.33982591674539,-1.47721204527235,0.408742758521361,0.00176526289294387,-0.82175535554318,-0.969036839831357,1.04828546525199,0.551321153420407,0.475513347347026,1.12293809646438,-0.723176511513873,-0.428817495979761,-0.329194610091167,-0.444546377393885,-0.300938974720118,-0.713180528747713,0.648040831219823,-2.37377986525929,0.526919118805414,-1.63600566045273,-0.81097279904068,1.59894904729874,-0.789780625772426,1.35863708414147,-0.0683347005283439,0.382454311552396,-1.16917764924594,-1.54584259702704,-0.18155366398336,1.02030637280238,0.00495769257194524,0.295357169849958,-0.359611001282016,-0.994891060989522,1.02754170806235,0.490325935331292,-0.408768333694428,0.0968564056874341,1.09198902783284,1.01959839074222,-1.31052308311379,0.213503925599637,-0.655607152817632,0.549583455255136
4.79965362600451,2.33051196240471,0.824581130566735,-2.11308037072577,0.581700078573641,0.545030066464794,-1.20725318929326,0.613781621344172,-0.716751511848324,-0.727681436456325,-0.157808385064186,0.612728840110975,-2.19404045068874,1.17174699718393,1.20446178465285,0.148736080673728,-0.20600365937507,0.497415040528646,-0.306846352137055,-0.889057835512844,-0.79847980630272,-0.473594106469474,-0.916503543866541,-1.0203198595322,0.740122153039595,-0.455594818465735,0.371614886665592,-0.50460557777809,0.525876645519499,-0.601094918370116,0.771344156990476,-0.572562297222562,-0.10357087578189,0.728317716572251,-0.140824345566644,-0.182480345920242,0.961695659485447,0.644631740249859,-0.31569168542338,-0.901345437097999,-0.994209047129263,-1.02831893192046,0.554035568298838,-0.187385451506991,0.279261220653603,-0.561376253061927,-0.568635929210031,-0.109578042860547,1.07714028548882,0.792714913398957,0.647979415977286,0.657807622359339,-1.20352115810917,-2.0994732556462,1.29058111001235,2.33881576068854,-0.208712848560015,-1.01191424557968,0.298096541868483,-0.0489023489001675,0.711190295300113,1.74748197659286,-0.438653993001324,1.33948503483682,-1.49882660785947,1.73604401755178,1.37969656888444,-0.775312968639279,0.698234665572348,0.772182084668664,0.0292289386109282,0.0190865322041942,0.767879099490073,-0.643357410961504,-0.246813307804694,0.830334886613237,-1.42830039600145,1.39993846685828,0.794280064674471,1.20894228554202,0.544310465109635,0.89796278027486,1.73377716161657,-0.484573143390009,0.40463451910652,0.277910139276585,1.85111290873501,-1.94583579868584,-0.826894732296846,-0.50852647116236,1.30965243621569,-1.11317760577194,0.812289005022279,-0.37015743958725,-0.0851961693375471,-1.47008497914186,0.142952388451336,-0.766914393028972,0.729628345465813,-0.702297920498483,0.569790744173422
-0.0906606863850551,1.40270538286743,-1.70267185160602,0.260909682674749,0.666020696010318,0.830842052438663,0.62876731504835,-0.368554433216838,0.488934267717079,0.87370730789838,0.797873692753666,0.504072912631472,-0.954047150509827,-0.645359265523009,1.16217674209784,-0.289151645795387,-1.02953158364251,1.67471876953804,1.48358230142352,-0.160222462794393,-0.718460168273473,-0.959342642582263,0.133554560754096,-2.11373494734868,-1.35367103942288,0.373073713291738,1.28702106970981,-1.5408147615107,0.749247836634627,2.22472091927508,-0.967731459168919,0.474511983488141,-0.169058823000293,-0.568236119381644,2.49361807622718,-0.350644003146081,-0.793772911555606,1.39572816160907,0.755922208177872,1.42511711673438,-2.03866446186401,0.552070533214889,2.36972114324676,0.14616776615993,0.505845519548953,-0.105747047643257,2.96978336861726,-0.225795149519771,-1.63169816462135,1.22078018472596,-0.0169434731467434,-1.26071705434666,-0.323670946785689,-0.125073627821039,1.40071160334847,-0.656865907431473,-0.595767232311068,-0.551151654864161,-0.53521589511161,0.00880875766771512,-1.23580158005532,-0.767716411704163,1.00452521302748,-0.0844133078236575,-0.117154482101663,1.01792152389658,-0.609014044091319,0.0943096226642759,-0.25711231735922,0.927218546745015,-0.524674864484722,0.439874130690487,-0.0540751508142132,-1.51896851984598,0.560953439187377,-3.09101328810839,-0.938420640397956,1.01720941679705,-0.0723107233929717,-1.1090688811081,-2.67327231263985,0.800000059557784,-1.90671234287011,0.984181103306478,0.112936986998752,0.726586151738271,-0.0623172550443789,-0.7518397923914,-1.85226873809626,0.139920587487652,0.48827882974154,0.490155821421553,-1.24093826294593,0.359501088011747,-0.630848925961377,0.500170971063109,0.03551769791388,1.34580389564131,0.375987342967964,0.774236769115276,0.881346781861919
13.5415108121125,0.942600850691525,0.480950155267682,1.14712719028965,-0.77890222515892,-0.497579143100874,0.576164732804108,-1.80704465956374,0.834201584080533,-1.38842423777879,1.0865618162213,-0.0336040264924301,-0.140183676637332,-1.79056185566653,0.190854336942394,0.417479874819017,-1.69915914412314,0.8786207114562,-0.978629949052099,-0.072056965170372,-0.251103709532607,-0.989347601532771,-1.13256819591346,0.475404836767239,0.0903896913609265,-0.37858168337563,-1.20194110790512,0.0743268417952076,0.639218277315609,0.0204209892249668,-0.673070021503705,0.266951987970937,1.4046349019166,0.076176164264441,-1.14745694803839,-2.19094292948973,-0.128910109030257,-0.118677739969221,1.02659133526865,1.06036382505433,0.721576257763109,-0.0421968346844172,-0.409741588367861,0.377131601718691,0.487494437980526,-1.58371065624399,-1.55466353089727,0.191630840142345,0.234797991437755,-0.326761074125677,-0.184490717410673,-1.29703407529837,1.21520693242472,-0.329355240353372,0.228342080463327,-0.163649037128728,-0.516072150964076,0.775609649045626,-0.11729113046687,0.79303402571127,-0.340114809144023,-0.289331867408585,-1.13204350880825,-0.379135797256475,0.0315897696523698,-1.29341867868511,0.75241926043723,0.894839715085101,-0.644140893019812,-2.15797207504452,-0.156399798870341,-2.0983281900221,-1.20294746140645,-0.394192552010925,-0.379611245719168,-0.364912203758424,-0.572191194839975,-0.0696697096462229,2.36841887741326,-0.0536263281926925,1.71139934344685,-0.236482758013749,-0.323163643386981,0.264972009282786,0.329815154557171,1.08134479279775,0.850156269924748,-0.736138170339333,-0.716416262754767,1.19404019285744,0.219445224453762,0.170796660845362,-1.01338437017667,-0.20104869328926,-0.159062661016076,0.108629623225374,-0.901766679920726,0.703995686325044,-0.301939307159392,-0.649295244799074,-0.765763594113623
16.9818598023013,0.82625828715243,2.48355008932625,0.0147936485562024,1.16332484782536,-0.601027404256258,1.23622387908971,1.35543844331659,0.925864815459635,0.310031749366831,0.8349570023395,1.06778841116665,0.367150280498896,-1.07978552468131,-0.559199402522627,-0.0779511093124028,-0.672123269347973,-0.265201785109153,-0.864351689453781,-0.698292480919823,0.90160984079657,-2.07800649980206,-0.342047623838268,0.855625574224684,-2.03718225194198,1.28229441807631,-1.06041046553149,1.36017852807546,-1.7025907159882,0.449181870312489,0.242577478874255,-0.361035268613876,0.13159096934939,1.10503038442941,-0.443050142781451,-1.20641497989683,-0.599314280988082,1.01812801879368,2.09301490680519,-2.18618991686646,1.03503588742059,-0.705934971870177,0.875640160091408,-0.625664507027333,1.0780649356043,-1.65028465173473,0.494253347566534,-1.43018666596335,0.37508886332903,0.128478812059706,1.09863023445745,-0.462499111703606,-0.0679999065351589,0.458516287740787,-0.69921495955764,0.281386409869517,-0.863496386724083,0.376170163895958,-1.27598667963576,2.39264840857709,0.215006441640451,-0.387971756117266,0.470400936126231,-0.461260239748249,-0.223661731972042,-0.328242980758308,-1.2270555904659,-0.106963022623754,-0.417223448837855,1.07731201052332,0.278695788567814,0.327114503835279,-0.885617489146326,-0.849356113377155,-1.14472402694666,0.694589254623099,-0.415850469248283,-0.260420822691389,-1.48281308589634,-1.35940387532564,1.23437879245295,-2.00464647990498,-0.990988063222036,0.763618390725164,-1.10357962108406,1.71058764630398,-0.40839348335462,-0.599608245018229,0.601508704753941,1.5398800934669,-1.20012216957949,0.316092897995078,0.399303390820592,1.70254935841544,1.74253009087544,0.804816943902061,-0.366148458139302,-0.679513763427635,-0.420404419633443,0.0507962372413256,-1.15149817327581
-5.33982052122394,-0.811540490191081,0.401364987505605,-0.311739243901957,-1.96454419520035,-0.512197814083257,0.475539637979171,0.445680166114773,0.943155152135134,0.190054214451538,-0.296865508488047,-1.08436433575367,0.0558580625514391,0.714448807495777,-1.18450209696377,0.679945791706844,1.82496444233573,-0.368942366325874,-0.864719255781193,0.675133984923037,-0.537177192425327,0.818046250794619,-0.998091210780227,0.501315382197311,0.592318412962079,0.919545625333752,0.22876835615697,0.468299445185584,0.897933962614633,0.450326187701918,-0.611007279046554,-1.23288365439145,-0.486306391284177,-0.458702432397494,0.722647436089796,-2.07439181751733,0.0314755906079925,0.8953491794158,0.0911878193160373,-0.95206026186539,0.3986541834812,1.64854404583614,-0.525368027535921,0.561778558299387,-0.780687163841013,-0.0850464507255672,-0.17026654633654,-1.78892128632737,-0.0987840791016224,-1.0357783760223,1.56148377472848,0.454180841698014,-1.61965316491343,-0.0668628928907031,-0.662178654756328,-1.66387249161401,0.322995690008331,-2.11429164296167,-0.477201859912906,1.22507936603819,0.784466678427286,-1.27689518484946,-1.38514899399173,1.5988331038876,-0.870185977852245,-0.932252711333716,1.27611178613564,0.551093344610359,0.751447011994073,-1.92346289504053,0.453352311186325,-1.00311384014233,0.02220321671288,0.0995349914159623,0.229644699698393,1.35834438206509,0.708254359304504,0.130781883110428,0.444777419928825,0.0902169371658214,1.28595032753757,-0.295877908396742,0.0459578229796083,-0.550570159100538,0.169246957543096,-1.67013346784578,-1.86359022305937,0.549072258345169,-1.38452576138449,-0.0894685856936344,0.801328350936982,-0.456797143050303,1.50998528665048,0.316160830108362,0.118007220244166,-0.727367868811315,-0.115670795024913,0.677015932102577,1.05242453895361,1.24308845958877,-0.134229509996257
-1.78180263365464,0.476248280753654,0.215177170747045,-0.956196108104157,0.769170668260007,-0.00493237975734888,-1.54714748839026,0.164794791470315,-0.560074455140306,-0.163804703650924,1.85430135120002,0.565755522275279,1.85388686032127,-1.81294473383259,-0.112966312972576,0.15098857826032,-1.52664862429302,0.0474165806822011,1.37093754143609,0.995128598318977,1.26444164985164,0.816389424497437,0.618073107523146,-0.0373646625571663,0.310890737203496,0.9865423337862,0.829736379825167,0.238829707128144,1.26930996719235,-1.17182265916062,0.239618948887494,-1.38160164309518,-0.851983222090995,0.394499812479891,-1.04039072262314,1.46565445507108,-0.440271009647082,0.537187717464523,0.0227086885605002,-0.511290920047706,0.971309112609987,-0.794697511544143,-0.259916632617678,0.540837365667215,-1.55222640785873,1.25864930955233,1.73848258908457,0.115400817079686,0.801707214964554,-1.21835992343236,-0.0213398226663255,0.12553140308742,1.29201088335866,0.468960582749773,-0.401781863977984,1.03846519012138,-0.0269500563535055,0.107324631523263,-1.11200491203263,1.26373509348761,-0.401834595731896,1.25680062179904,0.12102116493653,1.28633392288466,-0.431354875511456,0.355889973863996,0.810118469739942,0.596640087458979,0.324795622822158,0.0204989043985135,-0.0721284360705568,-0.129997449970595,-1.99603231338254,1.36509823594964,0.212187664896188,-0.161490105639927,0.293005431931145,-0.184266535123927,-0.98333154277312,0.433043625865264,-1.57783878950203,0.516317600620531,2.68329683877607,-0.225847496163892,-0.916216483706705,1.43342228047679,-0.885850689267309,0.122860976396137,2.39651310047321,-0.400782366791891,-0.780417563809056,-1.06486498071518,0.534366575775052,-0.84946596742708,-0.76149767277718,-0.119390802695051,-1.12609891455595,-0.252820586608052,-1.13453219363832,0.309343710363384,-0.0246882550626439
-2.27633318594586,1.02125840748109,-1.8157123529028,0.473413758540709,2.25977199341018,-0.0971479127091374,0.0554687978896238,0.0299777658780464,0.687699284289659,0.513490584493947,1.29833220197764,-0.276090810137596,1.2334889773664,1.04816889489924,1.02924678361204,-0.838140625939559,0.611491602641798,-0.918326904683796,0.187687669424853,-0.159759705563236,0.337677623309874,-0.905158134266286,0.245516201454185,0.000776485444794585,1.19687907254242,-0.315930228241391,-0.393263915415251,-0.593246568090549,0.514298228673276,-0.362174877096488,1.35289579644461,-1.28362873988771,-2.31074527502764,-0.950751381787323,0.784217970610233,0.853648718399799,-0.738676666237681,1.1984917095053,-0.0705338471270609,-2.02453810299861,0.183628229274229,-0.645275006800513,-0.0301796053863517,-0.508747183443735,-0.0880633542252946,-0.250090867911199,0.511905635911055,-0.0499997416792946,-0.433322655710256,-0.907252324816031,-1.02657118810317,-0.555451490661032,-1.48112608314103,-2.79270027517899,-0.494762083592209,-1.18756012495778,1.83036584376349,0.482384153869496,-1.00068030972032,0.21713430704079,-1.09549163690177,-1.66985855001528,-0.875572942496246,0.499898087821291,0.389075807039256,-0.724478276333019,0.992149999201925,0.615782824858699,1.22296638768517,-0.246889762839129,-0.162517473858795,-0.0691672984729203,0.689713029368249,0.142339404166483,-0.796769770200539,-0.71220743752261,-1.31385769997217,0.630224147655727,-1.21924705825778,-0.60006654207032,-0.761112196976587,-0.973754259090164,0.705400824082496,-0.0337348190268072,1.30681154182547,0.391388615890979,-1.2912753433803,0.485843284579202,-0.0393937006915983,-0.0338663014714493,-0.955678599792267,-1.54816530983405,0.733960421270331,0.266809448417367,-0.436008361159095,0.772035788522293,-0.739744808161942,1.33599095561577,-0.756870257376924,0.270759696610753,1.68293805421658
-10.4464098612039,0.645383074206077,-0.911739424232877,-1.51386407967723,-0.477272291383015,-0.0240353972755118,0.680062090936776,-0.676112913701211,0.219825420335654,0.900096290878568,-0.535241098192991,-0.825708875887398,-1.53345782563624,0.20271586719381,-0.687589335177104,1.83286889219051,-0.271248845751939,-0.748233029251953,-2.77424891762585,-0.846555577640433,-0.0547499909125068,0.592262636758676,1.00719557692499,0.144248617043961,-1.58665412406568,-0.23554203845811,-0.587714520814017,1.28287266950855,-0.339008174614363,0.298690685485202,-0.590724972387008,0.0109577786329394,1.3639569637227,0.690309674906048,1.24706013438398,-0.567618483017095,-1.63836963424595,-0.14606506565717,-1.04603181278538,0.889892749117138,1.66139725905032,1.62101297694531,0.148258404518873,0.0813393504142864,0.225790612040806,-0.0134287368772515,-0.959758670818077,-0.553842860383564,-0.211698872639162,0.0990514528278717,-0.466506956625086,-2.50069107133184,-1.00241423539535,-0.196099525965024,1.38219841409389,-0.0872576498469011,-1.55122138837639,0.496547174506775,-0.0438648829700029,0.230814390323837,-1.72007342948707,-0.194444462025531,-1.62137604678086,0.0642926410908525,0.856402815406994,0.674739022894211,0.863276626238022,-0.232721378052875,1.0482670305507,-0.291007453207697,-0.283474591518498,-1.01952002780258,-0.354371900848255,2.12110371639787,-0.263464355059689,1.38477732687119,-0.210014251295961,-0.413829138770455,-1.14026776135056,-1.08280872278698,0.92629650398459,-0.0933705717795429,-2.05907565886894,1.81754583871963,0.2744460313009,1.41602851271792,1.09653006968238,0.341228552864859,-0.177624662880533,-0.334460534633143,0.897881810497473,1.14585429642252,-0.507462771824896,-0.64802413899045,0.567170214716558,-0.150604409178104,1.59472075635336,-0.112122317803277,-1.2407744758095,0.0197237907736772,-0.224495801687736
7.38779986248822,1.04314355155144,-0.0490446908536225,0.164280997670587,-0.102580508795901,-0.127390337614326,-1.35020156979313,1.13604965148959,-1.0052373892749,0.119870961743243,-0.884331318677036,0.490220536519514,0.0704556078430764,0.281211359011229,-0.349450308644348,-1.20977207624095,-1.33408868686067,1.56687324661417,0.0179625176276775,-3.06828206384738,0.418238648831697,0.714548546117131,-0.0603442546090456,-0.449005965773432,-0.988846350704818,-0.719989118497427,1.42231905177148,0.0239336339800538,0.732951504580866,-0.79432536525022,-1.00147283174936,1.26635916271456,-0.416485400128885,-1.58408508308421,0.326030319664564,-0.0469467097807552,0.255584727433431,0.62632707097213,0.970005115661973,1.1405838616116,0.608779403479882,1.10199761323031,2.20784316968164,0.872435703051229,0.768186038980518,-0.368884366135281,-0.260313552354184,1.58047705779933,-0.00339224913688737,-1.0971973386639,-1.04546792151133,-1.29228978014542,1.44490952821534,-1.49065357942173,-0.278308625429545,0.737614339863974,0.0534917200879959,-0.721886632058288,-0.251428727942369,0.846463445367954,-0.00408802851330081,0.37900050109611,-0.752378812083036,0.248676568799561,0.879561791174362,-0.000638698421307296,0.58533887234537,0.651055496881209,-0.664483617903162,-0.349541418017539,1.35442940957075,0.149320312945499,-0.0516712772515045,0.0376972885036414,0.109931307792049,-0.151306630827767,-0.796424537236494,0.353284073798816,-2.41328081123691,0.883050250797222,1.83191089180529,0.683945624701881,-1.55697649947638,-0.984833962722519,-0.888198756082314,-0.51563154645014,0.471079511288591,0.228051956226952,-0.0443593697992154,-0.854792069399424,-0.0694388143784894,0.637037645991432,-0.381819939273248,0.396347345771789,0.761507097635532,0.998112225559636,-0.131411499426066,-1.94978782121894,0.0762588320324394,-2.29961449376843,-0.811804324434322
-7.97236417608974,-0.304369112693661,-0.405387476681813,-0.870865218565352,0.368696176156456,-0.131885620363053,0.245102444487368,2.16933212747923,0.373101163588465,0.941527406809327,1.86103301352516,-0.926531861094747,0.624654174666826,1.03205800807302,-0.147656106009557,0.377401902245773,2.34545382222571,-0.676873287061874,-1.56251323388557,-0.307293526977768,-0.925218987665744,1.3815417920229,1.22399612575605,0.559679019498717,0.908024215500364,-2.43292079831763,-0.485235354596168,0.580780672051954,-0.49217562008695,1.88750742500963,-1.3344589514433,1.23754453894742,0.273919668443872,2.20012547221763,0.207742200690848,1.71296738852346,-1.38965458526208,-0.891243845737801,0.177840997734142,-0.615078424002218,-0.55173138219374,-1.41466944610356,-0.580509676352323,-0.993539915647006,-0.116321779585564,0.576346296564299,-0.542994560549329,0.0307696521502477,0.772462969691308,-0.399845970107163,-0.495173878258715,2.18551843879027,1.33950241923252,-0.955380079750353,1.16005864515751,-0.577486807269829,0.563188570640034,0.201451618351719,0.74107022454544,-0.193550860007703,0.355885944575191,2.10903459550853,-0.611018636250477,1.06224032062148,1.97872860534677,-0.453519615588624,0.106237056530459,-0.372123811445249,0.55235443896114,1.39997437649814,0.367456288070468,-0.428770989968134,-0.567814349207508,-0.245809384715392,-0.981629138671876,-0.418041771857996,0.975998917837739,-0.375041713212783,0.97706761701382,1.50004743118106,0.489264990939869,-1.14587579046896,-2.9962952101737,-1.05224609245296,0.0843434423489745,-0.530686685980471,-0.69122507192426,-0.813917318336749,0.156326319201105,-2.54072765488665,-0.33338623177459,-1.45565813475698,0.290448517263209,0.59498443853414,1.55367477551015,0.397198629912846,-0.954999709580457,0.000859329031427088,-1.51485858027664,0.512402091323625,-0.889530238703179
25.3177284984408,2.47711091696297,1.13038179784685,1.59332899431659,-0.535432993982554,0.453742255459208,-0.30734853595201,-1.08901928973116,0.469391569129991,0.515489285009958,-0.270592091450503,1.60254989142619,-0.223982210338797,2.29387855362419,0.427033657330538,-1.07929478029014,1.23433700190233,-1.64039631966703,0.654968765269946,-0.848014869546675,-0.541994400470456,-0.486275989130867,-0.0230371249369626,-2.6535399165163,-0.64940009220176,-0.438538116431374,-1.77433475107151,0.0219823702704115,-0.189167284340289,0.588187897638789,-0.753627015975954,0.110307812688159,-0.354279746992822,0.818856150103985,-0.129065449272295,0.211953135250666,1.16195582776499,-1.61102563033793,0.0414183182844686,-0.261923121449144,-1.1976177989142,0.81083386500536,-1.06967369623936,-0.160481733553637,-0.456185369363882,-0.49651398094688,0.311810362926496,0.00631751040099711,-0.208757835850006,0.137427632654721,0.114167118971598,2.27972049473137,-0.254708078011688,-0.695972292896936,-0.720915482500522,-0.023914501821773,-0.500018610141052,1.13978118446081,0.192344452736618,-0.439478752590408,0.746476434108679,0.320298562137568,-1.8274527356169,-0.878043980012868,1.85786710505978,-0.217701744261358,0.410324282402197,-1.29796363997069,-0.685002013953463,1.20652679529124,0.262753753089132,-0.358297923166161,-0.922417882311177,0.370643884412071,-0.849351544069764,-0.350158310063643,0.792929901808849,1.2466319850615,0.436437964131248,0.580525498185106,2.97738599353497,-0.765177055938823,0.48081777570652,-2.17332063578823,2.0900233716505,-0.542647362179924,-1.15538199422432,-0.559757083384594,-0.665345314257119,-0.626211714214246,0.346591147652651,1.26051930963495,0.08233796895626,-0.423502299714787,-0.325486732599354,1.44187992897979,2.74748630163075,0.831675125529288,-2.73031576676946,-1.07864714462901,0.694889869726193
10.7186246071115,0.971220673037445,0.815464735072572,0.646597522791782,0.506601941315226,-1.40633583435868,0.731364566537447,-1.10272609747138,0.0646260775971036,-0.554761433744087,0.585640905630645,-0.860891020026199,0.351170646069845,-0.0592560273875868,-1.48696990946078,0.0131917858307359,1.52505789994092,-0.543869979042951,2.35021978430152,0.984247516153845,-0.0856552702315856,0.337212146169791,-2.03966604663038,0.0481704153088254,-0.483290589236804,0.831543195019437,0.421192660164305,1.49370550388205,0.544156546645901,1.15567927899971,-1.03551501093753,-2.38190961459487,-0.380788638083575,-0.0756278396268802,-0.394581371804289,0.13357554475824,-0.228146345913542,-0.581027643050812,-0.235696779494386,-2.05367014194485,-0.56123838009713,-0.125202996655577,0.253574329788397,-1.41818166036148,-1.33851748378792,0.776777856445163,0.148489257141333,0.271710359967031,1.97620108240432,1.65546871242803,-0.806722982435416,1.19363324607788,0.666152510782324,1.36946972496502,0.548142136800206,-1.14483451574784,0.395046629291103,-0.915570627419043,0.695663919322482,0.283499799548022,0.801740491334962,1.5656524398375,-1.82786221901687,0.429643958271979,-1.07159458054116,-0.558050976899837,1.59097440687694,-0.24121493227224,-0.2478494698697,-0.954835123351512,-0.418914959922932,-1.85443503558016,0.367247523014503,0.296017662484541,-1.0422055531648,-0.757330321200568,-0.182126231483633,-0.415284752085073,-1.19493682590005,-0.720251881518454,1.03602671887376,0.592719399808253,0.0154956742324634,1.58983504359906,2.35849576727777,-2.1251672921059,-0.60524698322125,0.898973975213329,0.810248599346941,-0.686687398967469,-1.72295386533966,-0.0184239076613676,0.425141136281135,0.460120169771276,0.209060667344016,2.66350695158578,-0.20916721984041,0.326601661592156,0.789947856976704,-0.188359652960366,0.694544974817631
9.98018624907782,1.86709918456672,0.0764175190481425,0.357369685182645,-0.150557097589785,0.210930786953303,0.201381806056948,1.3026361736082,1.00481544153691,0.77237690187241,-0.57705777451534,-0.365513266132811,0.122204457677413,0.41140135589033,0.558629046995213,-0.0962640211149256,0.581108801673337,0.800526280833942,-0.560182619980149,0.743879779650814,-0.0203971465329966,-0.645625377377398,-1.37695318912014,1.28442555907957,0.537270015462541,-0.101161649246299,1.44855365331246,-1.67062652708468,-0.701439205169098,-0.874387776351248,-0.225655764053199,0.674144155590146,0.310742306731041,0.281211529280795,0.451823618496431,-0.130548047322414,-0.654123739567867,-1.02983546186307,0.911043567741969,1.64259460017328,-0.10757660231226,-0.652253716057984,0.128648264499803,-1.66245450854336,-0.383289338487612,0.0136625677778173,1.40308218147661,0.316350194042538,-0.644623047073823,2.84568864837523,-1.70126401405916,0.113777889483713,0.455906638210776,1.08156579427607,0.39372095751862,-0.618073579041817,0.911977404403355,0.649716151880599,1.38397104955723,0.828362041952412,2.66481972022373,1.58922939719135,0.514456389824369,-0.507906804511295,1.68364510662606,-0.575897412416294,0.23331994679131,0.247629421239923,0.69428566242693,1.05224498712709,-1.22367909020757,0.164834515760931,1.35993049286225,0.384204263559804,0.415207190159771,-1.41380385435957,0.188554928617732,0.289608080877906,0.634621322067716,0.133373495674658,-0.152108706215089,-1.89856217467573,1.07592924647767,2.07150458619742,0.271398327683617,0.545943806127654,-0.822814256119864,-0.41188460550932,1.42264773715191,0.245808565859065,1.39828654651391,0.100172873184785,1.13220179854581,0.171575302179423,0.666444197550827,-2.92841135950507,0.590764991111463,2.03273148613825,1.17670691106883,-1.7023189965958,-1.01156943446837
11.3039284003409,0.672042469014787,1.45374735124973,0.102393063199646,0.904243556201491,0.752336089487975,-1.57546283286894,-2.77832551031467,-0.373829419912398,0.743596307802129,-0.319014908963697,-0.0063319207701284,-1.80355741947249,-1.27924167964432,-0.235439675631082,-0.500069378562987,-2.3611002154132,-0.694628676283931,0.101989478488531,0.0272461396138034,-0.559597804023691,1.43015673240866,-0.290606660617095,-0.461560919296712,-0.514664539059651,-0.179945673908593,0.451825800864283,-0.440276047790991,0.281923275335301,0.258656813944025,-0.794256839531355,-0.105002885342483,0.793401910132329,-1.3585075668971,0.728198299474904,0.91758070609934,-0.773419935770594,-0.807551110004272,0.528377276983268,0.90017574970408,-0.41259725091562,0.91612500016588,0.348137312985972,-0.0199026397915863,-0.311932856265393,1.84094433745336,1.55151261089796,-0.00578186818081071,0.409751038432918,-0.514050421105007,-0.296164469481216,-0.121157893070931,0.81419219239282,-0.039971659387492,-0.27293341267871,0.820665596016867,-1.1910456755478,1.67252599451698,-1.25774074067619,-0.346185511213407,-0.418926507613662,-0.172716926857555,0.709575788371599,1.56956252109941,-0.423318892789317,-0.709314375050348,0.0657358603015434,0.484603475397474,-0.717806065815502,-1.63591681495127,-0.347734858945086,0.795855792704105,0.980490556427462,0.226720753700535,-1.16443713885167,1.54502126041182,1.82686741673882,-0.0970776169801537,0.359360289148919,0.856751568469742,1.11234610952383,-0.387474136158449,0.226174800338631,0.470367122429866,0.73598280223217,0.21550759056718,0.397198783947019,2.36021371926497,-0.00656340807052071,-2.38197902047466,-0.0988611885481933,-0.713490888632691,-0.309505318268181,0.511896314535818,0.403808572209369,-1.28698115781246,0.284908970097843,0.641802920282337,0.0701459822475951,1.04567374079389,-2.16103114313916
-4.64152088074985,-0.307953380837338,0.374121083436261,-0.67526682519505,2.24203613746722,0.138379546739843,0.0235387774392653,0.341311560625632,0.936108504080527,-0.589652483851754,-0.314025132783036,-2.38053077692356,1.00149540104933,-0.426501851333175,0.215797961536886,1.12009717844574,-0.0768439554879483,-1.21827015500706,0.19535999999379,-0.486786795022441,0.554836578075976,0.308538089223252,0.711085675532915,0.100318788613909,0.595329490060589,-0.360328186573833,0.461177976181972,0.367741465116536,0.37556091148523,0.0584444913811801,0.688836309848471,-1.56262817344001,-1.15527925703486,-0.767093631820511,-0.10272820274492,0.897344583605636,0.576799541980643,-0.16270516119412,-2.75470244148869,-1.31030560392764,0.912290553452548,0.700627340753591,-2.38719212235299,-0.178991205173723,-1.85956684016831,0.31202131621059,0.105061572166114,0.18023356910248,-2.66077606407349,1.1657441675148,-1.24225171122995,1.29173361602157,1.08023475096398,-0.650070767502019,-1.52149756116439,1.05886368922999,-0.834638217642375,-0.666916093417781,-0.468480037381188,-0.466147071333791,-0.323352475642502,-0.232434054890352,-2.1439157135973,-2.6397991932013,-0.556713266107807,0.0870887353636158,-1.58131923754896,0.272661558257081,0.250575213164023,0.139633160206847,0.772504002850647,-0.589871147563953,0.0837818674813837,2.70349876633909,0.246164879166587,1.57957930903399,0.100784200966748,-0.41704606698482,1.38478609527183,0.766711324517084,-0.0525869084552011,-0.310960254608806,0.358850439133994,0.177804560022324,-0.471201526013931,-0.730635061993907,0.224870460646494,0.566122803844388,-0.671138135044772,0.394852941187723,-0.57190709243633,1.58593987401612,-1.37247288551269,1.72285284528237,-0.188778758933144,-0.153759610531274,-0.275806423836985,0.690949341791228,0.183808307579516,-0.329941880221922,-0.0747329783133737
6.28894653715743,0.536523716710872,-0.170904055752574,0.972085023739425,-1.19512289061954,0.159680012366336,0.801641111029374,-0.22354978608396,0.844988588944067,0.626300197611125,-0.659338640685932,1.52081963387357,1.1992198328312,0.849957445130861,-0.0717434140692806,-0.723007719260849,1.38042639190707,-0.472641433978687,0.25764373558585,0.143642006439012,1.18062940865942,0.278931704829655,1.45710476343204,-1.11349388026224,-1.23719225736758,-0.668160152799463,1.34839006989454,-0.217818244292422,-1.14562056405615,0.822544348231614,-0.788063952538943,-0.600812425138197,1.6705442311768,0.535221510019747,0.869863841662819,-0.072716858447199,0.699687484865618,1.04308990056184,0.477067269337355,1.68058340107547,0.234000106578103,0.378596533817351,-1.01848804084702,0.282928183715021,-0.975675105902791,0.184046009961766,0.23122694453051,1.49020257221669,0.104740501185122,1.03979908046047,0.521458504274068,1.61185185462121,-0.72775041979099,0.230329457706511,1.07796820289817,1.05317310026292,-0.860704077169127,0.622557761731652,0.600235234708987,0.434303735272529,-1.22768128373388,1.8202714431597,-0.51014301601424,-1.46472286698021,1.44654129216053,1.68197002908613,0.249561032391528,-0.436432674919408,0.782693342123835,-0.421772958135486,-0.774090912228592,0.245518424197613,0.147389005328035,-1.20553939469788,-1.37234000918184,-1.99509821514063,-1.42446130690987,0.373494509100095,-0.420274032585857,-1.70033781595901,0.0174121538704207,0.929803216318974,-1.46896610867712,-0.69038593288628,-0.354162475176373,0.529295897383703,0.236386852376181,0.173805045963312,0.972728169356564,-0.667105634417892,-0.616769094952956,-0.716349371930738,0.211900892173624,0.311854124719855,-0.221132478493677,0.980721200260715,-0.456218968177779,1.01064341675114,0.652205924706601,0.590274313719861,-0.0775226149554576
5.92340775548285,0.824870065351676,-0.502212811850508,0.755869929249423,-0.418522566091345,0.228435318230386,-2.55562737471212,-0.198771595185693,1.09265815925723,-1.87636574262261,-1.22315981348816,-0.619902119718326,-1.42600469004381,-1.80301321221126,-1.6511812686051,0.00959022762093077,0.00143238606411348,1.21753734771838,-0.478839921873459,0.261067964354248,-0.969743115549175,0.228292155206748,0.571763475378945,-0.0261637647844682,-0.95048170572338,-0.361833411647274,0.449625298007934,-0.616354424644092,1.38976054671192,0.456708593820783,1.83803577897405,0.228182516416028,0.109682813432847,-1.48663350111862,0.491677653828187,-0.424516702699896,0.573592359954587,0.636658151735331,-0.164906103962788,0.92447185042688,-0.842520992611649,0.562247130771957,0.42787768968478,0.12345515623928,-1.61479529775552,-0.0182971985173945,-0.514622360935309,1.93421214727546,-1.07659686397677,-0.197797119996578,1.02719925495401,-2.25871633317577,0.391682303822578,-0.0487877582072714,-0.0140922661644486,-1.93935733539869,-1.6319121526529,-0.368872404757035,-0.0919060776843392,0.969609070333232,-0.0653100092217537,1.19627606814906,0.582889668382773,0.357758407381796,0.682616043989778,-0.221327104452494,-0.66552882580205,1.65190914221781,0.646817059258841,1.15254873368895,0.642700083088659,0.949608205674346,-0.17554369279937,-2.42230152722842,-0.27744176370793,1.27864258385541,-2.40794782208424,1.23731032487975,0.212383786871939,-1.1156637306375,-0.839103514193072,0.593639487361209,-1.19608746201097,-0.561798192319748,-0.0405923771259934,2.57617826095104,-1.42487266409668,-0.331083012659309,-0.169008602270954,-0.445467578737315,0.894424984752513,0.971155271689986,-0.851832426113101,2.5699594033645,0.292971056163501,-0.191828100617431,-0.221140621925072,-1.05174060517994,-0.775824688291352,0.624667275265928,0.50962656799979
-5.07621270524934,-0.963901479013802,0.543522107940633,-0.428285623067143,0.798251394698956,-1.16278371681341,-0.526910680949149,1.63330267976011,0.62924459833816,0.139846103375189,0.109204125634682,-0.484028904135812,-1.15418497366989,-0.96955396616367,-0.733304145196212,-0.628588184977706,-0.390438590067819,1.225465622072,0.132821752018746,-1.24999029413128,-0.286564684337434,-1.99336453181168,0.541355562614275,-0.781000859312611,1.24559102786038,0.239828059316362,0.665276643032425,-1.17266134773681,-0.478474137454336,1.09663041619604,-2.56241991941222,0.729509588164707,-1.38075932132711,-1.1606217415408,0.163694346166846,0.218514402044418,-1.15948150663553,0.325014896067287,-0.356636021885014,1.10864563349143,0.843790354492196,-1.17043766629504,-0.966541327664228,-0.513946749085618,-0.869927133040199,-1.36287622528953,1.47501187253427,-0.720326717009905,-1.05020460258196,0.462188026430509,1.34973528132933,-0.816859921187886,-0.490057595516407,-1.51749428477295,-0.952084804964607,0.344659959797897,-1.59003680132916,-0.0389879977884343,0.676057684726675,-1.53816890878419,-0.599080993139627,-1.39279564803363,0.54283187452168,0.968149628386516,-1.4819912730775,-0.412856636667406,-0.959596750361014,0.131207132517443,-0.807813717325179,1.57816957401583,0.539127118160204,1.99683989392942,-1.48071583175653,-0.637434483757016,-1.41164969872746,-1.75002606333409,-0.448631874305034,-1.03799588287638,-0.446602945293357,-1.50396130776396,-1.88831118352192,1.05470218785182,1.64980572257903,0.0879487139969984,-1.48602421017241,0.00732609517135422,0.546627434100581,-0.880459799884615,1.45048546019555,-0.632082190316718,-0.788364649028333,-0.809536622836061,0.398168915837695,0.80905568093393,-0.771368554601787,-0.457667030073551,1.96599011187805,0.244064926805925,0.0303172037856016,-0.352575741935069,-1.45851483774831
-9.88328344212061,-0.855082511099791,-0.505186002851623,-0.713924763715124,0.49817216339198,0.854658519406795,-1.31285889063513,-1.86962151313391,1.03723457827919,0.240304173890825,-0.234407400094629,-0.926160966588346,0.195879382958877,1.65067878778122,-0.001886288557124,-0.504443449644127,0.43182371980981,-0.532487614652709,-0.529236442846417,-1.55257237946454,0.850792818658572,-1.50017813870525,1.4303151406204,1.41748027844197,-0.843154530277911,-0.694779265037183,2.08576692204074,-0.887915887068782,-0.543914024563053,0.162203686707886,0.963268689134208,0.364541727872544,1.05194461133951,0.535851775313679,-0.560166637406193,0.518237706452226,-0.557425780800208,-0.618084257907364,-1.08742040545767,-1.28040721884875,1.11926899645514,0.226921233002645,-0.515171996364269,0.478839557700892,-0.157583066313049,0.16084327859442,1.46743441309509,-0.367629145616394,1.32940181987815,1.80552053428058,-0.859857520489845,0.32529314038264,0.647680671725994,0.0937483536308711,0.391699612127868,1.16748889537019,-0.451637986401676,0.0820551088809752,-0.738965933817309,1.33138543087722,-0.64794413537893,-0.765350315625741,-1.06952000543152,-0.971010794308343,1.66145303537486,0.128403004147018,-1.15997873635075,0.353340454244028,-0.286814282067169,0.354747684243793,0.720437947641082,-0.304713111433939,-0.392182361555588,0.192661417013688,0.416373532474661,1.34225673184422,-0.654647049872763,-0.0747015198796598,0.0862955532682969,-0.0933502043239739,-0.486612261297225,-1.56712364825393,-0.651018076962556,0.297274578645418,0.320847568445067,-0.238165040895595,-1.16951414185959,-1.9943715680541,0.25936299569386,-1.31004349900379,0.922429327944017,-0.446513806222963,-0.288793563933402,0.383358211325688,0.257613088854741,0.719415562693135,1.20802873555516,-0.296668577106158,0.0392889243793207,1.61872379612599,1.11408490451982
12.3449576224906,1.88694694202566,0.786795789402013,-0.190384065567216,0.11956022337119,-0.242095878590998,0.800861346328534,-0.250088846832421,0.870617069223843,0.119981971277342,0.161944646775609,-0.2859256147179,0.489033101349929,0.665956923522699,0.700392753856694,-0.0859780511556318,0.629972931337979,-1.60106275812488,0.44261124986252,-0.624421470468245,-0.171405773504695,-0.651634658085591,-1.77328798910173,-0.42742062476938,-0.425433486335442,0.814134396511187,0.400715948889388,0.294267271102169,0.246038815262907,-0.17829286698018,-1.55946642376118,-0.637504516416125,-0.617644634892508,0.493746148153043,1.8135768994891,2.07742264065894,-1.25699097600329,0.2265594450882,-1.30699827279216,0.377082486325849,1.48000139855743,-0.150215166587966,0.691980773404429,0.967290200559604,-0.154833069359658,0.379686626116044,0.725243345863843,1.08611232890535,-0.203368886764014,0.716010702826496,0.317766915136097,-0.691037230977536,0.640867352682335,0.651467353859618,-0.240275295466807,-0.78074939446195,1.08489233506088,0.605294387678137,-0.286249655049263,0.501211043294463,-0.826343411490448,0.552135128774362,0.616793559901667,0.416649439428959,-0.639800171239253,-0.568168406448343,-1.55166625141986,-0.735872481637527,-0.229544842304998,-0.233773079050149,0.271465110382327,1.65465196545474,-0.415773324638037,0.310817559823231,-0.261742207265737,-1.9521062590095,-0.178990656459037,-0.326291573638332,1.11005106929228,0.388611766604901,0.491571691367462,2.73356107304747,0.771216983184295,0.172731793400635,-0.397278044687575,-0.226337099638056,0.0930458414454644,0.764237641908072,-1.4218634984666,-1.21430898636223,-1.35128767653669,-0.639557384627041,-0.698511972911706,0.539874166654383,1.31238434407487,1.42412099437928,-1.2297222324592,1.08756160300957,-0.0946131335212764,-0.183901509985924,0.124444791764478
1.6799550247583,-0.391819371995182,0.300949401608442,0.399864811716241,-0.367202719244542,-2.01599542236092,0.713100770525419,-1.37075933382291,-0.627408385081134,-2.01171066394144,-0.85590387566537,1.58779536109287,-0.0301505554990925,0.361114644091802,0.785836536099724,-0.203284545542161,-1.59038903758595,-2.81050337306495,0.689452507772513,0.622722310559225,0.511891811345361,-1.73156034235075,0.819141513531169,0.498590367240442,-0.848558340035549,-0.427324104680642,-0.889412464940309,1.24751610754086,0.0147344472286727,1.99873573787803,1.39808346692515,0.760274282248391,-0.00746537086435184,-0.631465653842043,-1.85658018040218,0.158136377281664,0.380448546337706,-0.827581854944813,1.10694227792602,0.373760650054608,0.282808141714986,0.294351221031393,0.171729739940091,0.584533252955577,0.401090013339016,-1.18645789427405,-0.0816096192989732,0.191037453442472,1.03821294232525,-1.5437158842493,-0.541614246257503,0.129928759437263,0.325346627089259,-1.28241323089758,-1.11800988338378,-0.557534672909546,0.665028083442658,-0.0553412845182833,1.07625130905566,-0.879521159502598,0.155416787100981,0.133731889677356,1.66375663242412,1.11009417650866,0.414043529788322,1.75747511092852,0.765466586691354,0.851787269695369,0.247464282217179,-0.617443231874257,-1.95239247540618,0.00946346488365796,-0.108022298721167,1.9903752342496,-0.688187249727476,-0.222774638878925,-0.410201016751325,1.40580309375442,-0.341100792571086,0.140738936749871,-1.89697155872221,-0.957297195377229,0.0747630477288462,0.365277769999594,-0.949547608580914,1.24531475941063,0.138351757971105,-1.1141707770458,-0.326745022328315,0.351723011486215,-1.62541356485957,-0.774100306397297,0.0925485895342028,0.38589226329507,-1.71082570681438,-0.154943497865938,-1.61586139329894,1.79698299510839,-0.907740131146542,0.658494434586333,0.408573425503442
-4.01856094970798,-0.980632948949986,1.31022390674737,-0.977844914504154,0.262331084814879,-0.227690493304772,1.03191486258691,1.45126184360921,0.435728987815825,-0.373660220139208,-1.21360970592544,0.659089022784725,0.16218068298852,-0.487798793961118,-1.02470968889282,3.04968620858383,0.587847118879337,0.123511378467974,-0.764094429266276,0.0721119279191423,0.70584925789929,0.445640798065796,-1.17440117127908,0.260709150062581,0.0154750284555276,-0.412431381792378,0.352548117119904,0.192599819187369,0.326536132512793,1.18346393246162,-0.72962505814475,-0.610892147065945,0.810974182755656,1.29307480240341,-0.939276340727612,-1.83534118207465,-1.18792902332899,-0.230150784982836,0.830114648090363,0.335561708036011,0.456322910432091,1.47925177527163,-0.948132976395269,-0.36839538040173,-1.87531967138068,-0.406181061383074,0.798703454162906,-1.12692184678443,-0.454310792669122,-0.785504339124751,-0.236114227271847,-0.578851916330278,0.286777603384489,1.16086470776623,0.0940208520773823,0.591161463656528,-1.85598814237643,1.01311314247659,1.36550175151515,-0.0332581598568439,-0.0625791520246087,-1.13480609783649,1.12951787164267,0.651297020636645,-0.0272033356124969,-0.715802754332858,-0.376911393446799,0.442287573573745,0.412105811455605,-0.113917675234853,-0.0846141697543654,0.20390066926345,0.173822499027856,-0.119708011055285,0.494490296326684,0.586410665949441,-1.29997675266699,-0.983698642626729,0.885075263671752,0.843603802273294,-0.82260218714142,0.101857466461981,-0.733918122151713,-2.12988751656543,1.21355045582203,-0.329357549605177,1.7339706668795,0.435317534432498,-0.0304300842618797,-0.736391275697209,-1.3436603899701,-0.0258881988427141,1.87747098700224,1.290807786728,2.37797837777218,-0.04774165124547,-0.196041642453114,-0.528433623973709,1.74009847409288,1.4193192880752,0.424343955360535
7.93006736018681,0.687332100557042,0.798433770272113,0.183736909549099,0.262704124824336,0.224169832616975,1.68180849795089,-2.13790977489325,0.239406941242699,-0.997170337995326,-0.0677214749205774,1.20629787922748,0.106499487995292,1.42838225761376,-0.37409459060045,-0.986570999217687,0.295865661430514,-0.156014160019648,0.0873659964884403,0.271108953033582,1.356734587335,1.32944320893897,1.21380691275284,-2.32042530360012,-0.0747205306591229,0.0545934977958639,-1.17828210880175,1.28749296066393,0.391653013857716,2.7021261452068,-0.768942952913968,-0.388906187955677,-1.56557460813062,2.39289517092771,-0.493761461886213,0.403688451233957,0.635626408629372,0.309497510984698,0.0362348591060638,-0.766482114095933,-0.0880250324264962,-0.205460634230189,0.421965698877769,-0.702587437508452,-0.38625714494968,1.28285836732053,2.39518591085955,0.083532048830558,1.32703338787564,0.318821236997542,0.127002538129899,0.42359809937201,-2.39033156519884,-0.121950342526001,-0.619713235143949,1.50605845668075,-0.225739152288009,0.12065184772836,0.263105748625369,1.24081096769444,0.61559775277075,0.713113284886417,0.265846613132039,0.739113441728315,-0.796645128679487,1.31896335440641,0.190246225436043,1.118274748097,-0.0561458416523815,-1.91655564602599,-0.97111324061977,-0.893471453216738,-0.012956700822807,0.537615342321982,0.968386274776734,-0.251729208582461,0.753779224342907,2.17921933011279,0.0875965997331787,-0.236935768966447,0.223967331447948,0.894699599986033,0.424572808478592,0.989229221242821,-1.08912656255322,-0.106031677148293,-3.12293439203556,-0.231813388060484,-0.630255427818743,0.1598023247105,0.193355430808398,2.91732654917245,1.17532468668998,0.22007559302057,0.572041581657761,-1.6768682360381,1.34121622513969,0.443561822974953,1.52590891124916,1.05862303205064,1.38959102000696
-9.8833224473006,-0.505043517520896,0.850860437614436,-2.15031052974374,0.640738877993306,-0.736824921622573,-0.226310395891985,-0.577261047508329,-1.25612038015712,-1.13110230943143,1.45646853631126,-0.0248296420195276,-1.17696686687013,-0.904252644070332,-0.743648960606196,1.17333057390589,-0.820627980909388,0.520191673796121,1.40971153109392,1.24923191735838,-0.891784301890928,-0.142263200827322,-0.958635811198239,0.318639468973844,0.473635812718347,-0.368501526294785,-0.601810338627644,-1.07928916375279,1.01531523760606,-0.545096625750545,-0.425157040841089,0.32363741508132,1.19653399718413,-0.836337531766262,-0.138174201806663,-0.632130042509856,0.253253394206148,0.925139136947398,-0.297388227211592,-0.748592085307897,1.35710000632606,1.86012295969942,-0.575134217006745,1.24720900513234,-0.706198381872036,1.0927013127005,-0.56683150927972,0.751808754619444,-0.193258454135066,-1.96847129794769,0.487614723314839,1.39472809588727,1.3591071102342,-0.671069010150627,-0.330954415298321,0.0252319981496853,-0.091306503537937,-1.26918447139366,1.23207123247953,-1.72876876568539,1.14569233703726,0.014748131994939,-2.71649642898578,-0.311036581200553,-0.906113896526367,-0.193185999341961,-0.814919677466949,-0.683012302326584,0.341822655850775,-1.2927941932881,1.94854814520446,1.70980612764825,-0.0967437305839163,-1.44099050236767,-0.620200078857953,-1.89182419040911,0.361134184403755,0.622137931049316,0.00769668353299954,0.346424294892418,0.0652082784568739,0.576418043445074,-1.07524052332195,-2.1457244984783,0.653959273500105,-0.0216555009500619,0.0673946409540267,-1.32388898089027,2.30248902630548,0.457231585922852,0.508968268732519,-0.556391947707164,0.362035561242135,1.49981990554495,-0.0446739765583717,-0.677654335373413,0.0609777131751745,-1.19286400697369,-0.0163216574092829,0.923917775673468,1.55763966937025
7.52727536747475,2.15771981650642,-0.443567968094689,-0.622966525745903,0.307089830771924,-0.846710740540237,-0.197929031882538,0.236449451555428,0.223569883477509,0.0152093642297062,-1.44293895720096,-0.904587351885264,0.934429427085438,-2.09369369551605,-0.674708287362035,0.319239739006528,0.349401053457032,-0.895101962004635,-1.14109138661949,-0.951762924506783,-0.648968984054553,-0.133638646878834,0.0703430070833923,1.59617560946672,0.644483869264353,0.93449224514698,0.700320868935617,-0.140832878722216,-0.455490550415652,0.106620264033243,0.391784358240839,-1.37726584846047,-0.572885801129063,0.272763476168741,1.11286942927964,-0.778524260543124,-0.384153012687335,0.809507255301659,1.41284139048302,-0.152355812006214,-0.161340180879281,-0.961615827214185,-0.398204958840407,-0.589266897709624,-0.565969991387204,-0.340686935426629,1.171205288045,-1.62957598088525,0.59508526221736,-1.83198034381612,-0.501010083622064,0.316370375585836,0.118844696920031,-2.12645102984456,0.26955932506794,1.85699216708952,-0.584633316824659,-0.789605991373271,1.00644275956062,-2.16679130203884,0.206721198521331,1.17656756825759,-0.0183410922208796,-0.0579592873223469,2.03028628519575,-0.405622534673054,1.02203046959195,1.03451792280717,0.324016755871892,0.677523827342927,-2.04489745305405,0.068690394914575,-0.616845024734728,0.965529067385728,-0.858326166025171,-0.733623744202286,-0.469923817776033,0.520028157970073,-1.978430278541,0.510272158023189,0.517424186623063,0.176544753715788,0.538817933326918,-0.454735455647374,0.573464168853929,-0.967372732320898,-0.853329509113406,0.365309291659589,1.67846146447329,1.12122759028294,-0.356793111998027,0.418657030691923,0.0779807266370267,0.693362506855254,0.47107616178806,-1.76716399978572,0.133612517836918,1.82610732023977,-1.36012593908682,-0.781699713681388,0.828756717720976
-8.47242377276311,-0.599797563824836,-0.446774787609579,-0.765439315770125,-0.0331294007767504,-0.111458860216438,1.04370225232125,1.09985656336821,0.504589868971938,0.403705380851042,-0.512529893822928,-0.446869813890387,0.421974630276405,0.921678980747322,-0.6763354211275,-0.527329799622639,-1.37775333231426,1.34434630576748,-1.64711747706384,0.934460065586209,0.14253646336494,-0.0888117703288599,-1.15705292973031,0.462132289239994,0.915913478911632,-0.933514376577486,0.0114372875199572,1.4482201098816,1.62063952007513,-0.375067021533494,0.0724904113649067,1.57437360558052,0.0511536966723419,-1.28423145314248,-0.372687361460824,0.291187823077541,0.215924085267974,0.0270362191702127,0.595638982493039,1.2711275358642,0.209653513896748,0.0292736259040032,-0.577679954559021,0.134069537323504,0.350980205820791,1.22224426513024,1.89271216081532,-1.87771698157654,0.352266518822915,-0.0695919564622406,0.0651290811875126,0.963401606480241,1.00616427059042,-0.879353439512748,-1.0481376153184,2.09262244286046,-1.51241615977785,-1.52610229560787,0.221012890372311,0.896821166110567,-1.80865361615294,-0.146930838036849,-0.425979538614922,-2.98837283393654,0.213348232607548,-0.192881011279836,-0.282496724395534,0.151775248710938,1.45452674505441,-0.0308443777921322,0.038797821121176,-0.494010409880415,0.184199253469997,-0.141352112928923,0.200496169746262,0.989015528540816,0.254896395191345,0.633162617826043,-0.664290011461546,2.24565351129871,1.41104349531119,1.48984250593917,-0.0433556610155279,0.541379711152163,-1.1044934394167,0.46395082000035,-0.61159044331326,1.54291183060929,0.00455477976949227,0.181925714320059,-1.1430373503597,0.370028372168049,-0.636532615048564,0.51282398634043,-0.371347098028457,-0.656534058572973,0.439572778133662,0.722965073190536,-0.174624275899863,2.04818543962361,-1.58794906637925
-1.14396244295154,-0.694546693270751,0.0133050417761504,0.464309418783945,-1.37475052682553,-0.311601656365262,-0.441737347594983,0.561282713650655,2.11701460983184,-0.541210513948429,0.243983791925416,0.125085620440897,-0.503018994751964,-1.84902280672721,-0.973637503027373,0.28386198149986,-0.863762461853148,-0.345904386996657,-3.12612546259103,1.20449184125735,-0.731715647431931,1.61339180907397,0.531391547892095,0.127343254732353,-0.831545099266292,0.402861157671335,1.24192156037168,-0.861944017264133,-1.54508762388999,-0.229612630177627,-1.28990713112575,1.23642330217232,1.52654491465466,-1.11348492833645,-0.836913931445751,-0.91199645273901,-0.530212577188901,-0.571742720964832,1.18779035684969,-0.0513765780509094,0.243900578873739,-0.234444250784424,-0.782776303879406,-1.35970007003841,0.389386396020234,0.333736163280633,0.232451047012687,0.216612251118082,1.56169473047236,0.086179319990002,-0.334145740008716,0.713867417157112,-0.955985638945717,-1.20344854927685,0.936924751673204,-2.21655298746845,-0.260127847946177,-2.51542881937991,0.118772158104609,-0.217220335846577,-1.20450187436045,0.641033562693261,0.126489086654028,-1.34526964424746,-0.779614021217242,-0.25053670862308,1.79003559997125,-0.228115761491716,1.1529944488506,-0.847216355732184,1.08729536786968,-0.693116456044726,2.35009633921893,0.310662475232512,-0.873157634926729,-0.527960803994836,0.474687625145154,-1.15464641205873,-0.495770870224333,-0.62807836031651,-1.0320566106037,-0.604178151337528,-0.496235475700865,1.23551521012334,1.15039063146002,1.53698298925779,-0.0322102632052489,1.29376145253132,-0.765154210287124,1.02955029524577,1.90029174749031,0.0806034912314432,1.53797073122353,0.779206817978491,-1.48135359757416,-0.730351212139581,0.0851074618525511,-1.11438002980546,0.727376415678695,-0.906775824560213,0.0181455084582255
